1.519525881652377189e-02
1.536357993119245695e-02
1.554997991840843113e-02
1.572254191516407953e-02
1.592116063195849265e-02
1.618253188585165939e-02
1.640577003758140334e-02
1.661173394394237918e-02
1.689161548735392329e-02
1.710527002280264053e-02
1.725107928350202297e-02
1.741365163067658955e-02
1.754844911523975939e-02
1.771050461023527048e-02
1.803213069569929022e-02
1.822360307100292023e-02
1.843322613879713051e-02
1.872895713259685457e-02
1.882779619218472728e-02
1.901291913979021378e-02
1.922996962521356795e-02
1.941531606344786345e-02
1.959323572993974458e-02
1.982232570097157073e-02
2.003050398057734313e-02
2.024920890541695787e-02
2.047422036962801700e-02
2.060319291005333064e-02
2.085175071614255721e-02
2.102989894889825684e-02
2.121893122169710502e-02
2.136076717076534903e-02
2.156187114445690112e-02
2.176839241653638277e-02
2.196687514030050414e-02
2.213908836097941771e-02
2.225416985137292081e-02
2.243853311014974358e-02
2.266362347301152658e-02
2.289012342411067547e-02
2.306047178083326168e-02
2.334010432281571901e-02
2.350591656718383285e-02
2.371349959106415148e-02
2.385065986556535872e-02
2.398651813711355843e-02
2.415583050876921392e-02
2.440211885006695128e-02
2.462293616753035569e-02
2.484589605129320852e-02
2.501519044850086457e-02
2.516543602887598083e-02
2.540170431265567977e-02
2.555992048025262225e-02
2.563393541334148609e-02
2.583836884172190790e-02
2.610688584819413280e-02
2.620000700908877225e-02
2.640040264954655186e-02
2.653427927187761853e-02
2.675692488632593069e-02
2.686569982493280245e-02
2.699229905433023560e-02
2.713321259943033553e-02
2.727591172235387454e-02
2.745872397762266076e-02
2.766963234623829801e-02
2.778758100164724354e-02
2.801940528471257366e-02
2.819396762937238440e-02
2.838797303305568703e-02
2.859038066967575439e-02
2.871914176364013041e-02
2.890104470476510465e-02
2.910903008955914931e-02
2.923594965811789764e-02
2.939882579104395946e-02
2.953464117855395671e-02
2.971545741319221376e-02
2.986858150845642795e-02
3.002466653601011670e-02
3.020818134460214605e-02
3.037558039771696278e-02
3.054927359666993747e-02
3.072946401763245600e-02
3.086551055710964539e-02
3.098347214580369005e-02
3.111291829618815716e-02
3.127812245870977004e-02
3.146797078785162211e-02
3.169230056880457946e-02
3.181941286159759019e-02
3.197836117583051363e-02
3.206518400079031578e-02
3.223186614082219903e-02
3.237362549637291809e-02
3.256584408581083417e-02
3.273775356756340738e-02
3.290016824240311194e-02
3.312107647558160117e-02
3.330887569298549011e-02
3.341438166314825847e-02
3.366853570444101884e-02
3.384691865460154325e-02
3.401146295494927169e-02
3.414000051509854389e-02
3.425414720930664708e-02
3.445445152759128715e-02
3.468351178439654792e-02
3.496630080176221095e-02
3.511782705415974343e-02
3.528767598647052084e-02
3.548539727128714044e-02
3.559427782601683188e-02
3.577319451009714629e-02
3.592745292094049608e-02
3.611513407887951416e-02
3.627651181949497622e-02
3.645298215068872721e-02
3.666196348982583147e-02
3.684829860367027504e-02
3.698177357563330742e-02
3.715509989673503738e-02
3.728083234097997328e-02
3.737125985242731319e-02
3.754879383542941013e-02
3.770449762642287539e-02
3.785517073202311622e-02
3.805165277452417921e-02
3.830210440208194067e-02
3.850647823379263479e-02
3.860805672384474974e-02
3.876071040022746605e-02
3.896023096809137637e-02
3.918802845310658672e-02
3.930458096773738197e-02
3.948284154566610027e-02
3.979181448731346910e-02
3.992408278210899525e-02
4.009359785850903635e-02
4.028637904085068111e-02
4.053548718980674176e-02
4.064397090201583851e-02
4.086417847116603080e-02
4.101773335942045934e-02
4.108214421359025759e-02
4.125695932746979711e-02
4.139509077358838329e-02
4.151738211578712145e-02
4.159450194970964326e-02
4.182421349625486950e-02
4.198864622124806600e-02
4.224110542796848805e-02
4.236512751698933571e-02
4.248636658620349310e-02
4.262920372845515476e-02
4.278933567838491547e-02
4.295185356973068441e-02
4.308694848054839960e-02
4.327753490956762900e-02
4.342882956812522260e-02
4.355467983982975327e-02
4.366097299969316781e-02
4.389909545245359451e-02
4.406855069344913639e-02
4.418562672250438139e-02
4.438768530850641103e-02
4.451658691627200654e-02
4.465139059971948848e-02
4.489111677487703234e-02
4.503996767646669536e-02
4.516455314526862663e-02
4.535245057109307115e-02
4.547847952923629589e-02
4.569471964542925341e-02
4.584501920752938331e-02
4.600264921740075674e-02
4.618883888075746985e-02
4.637307055822040974e-02
4.652631099632535683e-02
4.664925974060273040e-02
4.681664702883940599e-02
4.697746464810625966e-02
4.712109667499638638e-02
4.728265881987432639e-02
4.750996720915558191e-02
4.760411543329204354e-02
4.778409298592549426e-02
4.792344396932557427e-02
4.800934194840596192e-02
4.814139446780068415e-02
4.826539987292922246e-02
4.846575188020722791e-02
4.858259941366563361e-02
4.870875511559594195e-02
4.883897928564197993e-02
4.901474432414924115e-02
4.920859968509854604e-02
4.936204729635141480e-02
4.954311880767950371e-02
4.967257198912592570e-02
4.996141536382731063e-02
5.013409083152109424e-02
5.029914687120461136e-02
5.043416048166313170e-02
5.059271451876195397e-02
5.074295265484495693e-02
5.085732428575914787e-02
5.102017670605593636e-02
5.117270525735991005e-02
5.131714398013866724e-02
5.148055692830771218e-02
5.165857191115752478e-02
5.175168481082161043e-02
5.194881403074343151e-02
5.211304111825864477e-02
5.221043533373236067e-02
5.237446640905524253e-02
5.256721460960159936e-02
5.267905399475624612e-02
5.278657494554711560e-02
5.291098105726980971e-02
5.304479299516092622e-02
5.311831314403920451e-02
5.321633847818344615e-02
5.336135665647884219e-02
5.348530821309927658e-02
5.360694072011839423e-02
5.373722908198545756e-02
5.384693327299283627e-02
5.390878366980027259e-02
5.400810763460597852e-02
5.420532198366951465e-02
5.429504697468488100e-02
5.444524242494856725e-02
5.457978580585638728e-02
5.471572551582259275e-02
5.486807922333179766e-02
5.497429535319318245e-02
5.516166263733172925e-02
5.527653831623807745e-02
5.544258363044394372e-02
5.562710544398864060e-02
5.576533415551959000e-02
5.589067902097479695e-02
5.598281773862655991e-02
5.604708344280218829e-02
5.618992822623119360e-02
5.634208549670602362e-02
5.645666232677185731e-02
5.657409737497057917e-02
