1.400123803471964856e-01
1.413348099987511153e-01
1.431013242419792442e-01
1.446216832891157322e-01
1.458911750677883978e-01
1.474436417059766802e-01
1.489049366887064130e-01
1.504052454078509404e-01
1.518362403447907905e-01
1.532858669176111466e-01
1.545745867515358751e-01
1.558776849493885841e-01
1.573780587376306384e-01
1.587457135780629414e-01
1.602048561991472886e-01
1.615538795740340816e-01
1.629692926945157105e-01
1.643821048969321130e-01
1.656676150132804781e-01
1.670871263664065465e-01
1.685397505054724299e-01
1.700347162370394738e-01
1.715151820015490824e-01
1.729055653283812499e-01
1.745111732130853743e-01
1.758706661112201530e-01
1.767838155530288002e-01
1.778264380785486154e-01
1.792455648104996635e-01
1.804446129046546055e-01
1.815270793302588559e-01
1.826544776719927210e-01
1.840229466527859570e-01
1.852433879866267896e-01
1.865099574999078968e-01
1.875673161107214437e-01
1.886780238311895064e-01
1.897132187756463695e-01
1.906161393646956526e-01
1.915605476491787640e-01
1.927734964227875714e-01
1.938335025729933936e-01
1.950111561943337068e-01
1.963258920657962037e-01
1.974683249133372953e-01
1.985401565979677263e-01
1.993293377692209600e-01
2.004591859621782934e-01
2.012168376742801135e-01
2.023250830088995089e-01
2.032632454425364610e-01
2.041738921750602398e-01
2.053619938840356984e-01
2.064638921904340674e-01
2.073322075517237406e-01
2.082789832783236705e-01
2.092184466333743276e-01
2.102726406830641714e-01
2.111928011103569869e-01
2.121917750187003182e-01
2.132815613893818130e-01
2.141496208729918582e-01
2.150827502319130058e-01
2.160484273496545427e-01
2.169904414720927877e-01
2.178647480195194108e-01
2.186038164779428306e-01
2.193410343477728563e-01
2.202813831920843457e-01
2.211037467628838293e-01
2.218319550079949076e-01
2.227161239711421825e-01
2.233263214797923391e-01
2.240663567388660737e-01
2.246507039323129007e-01
2.253392470186211805e-01
2.261548379967178168e-01
2.267439562804779152e-01
2.276220298012576471e-01
2.284516740578531047e-01
2.290998011080167540e-01
2.299357132649972324e-01
2.309012270372863829e-01
2.316360308479074037e-01
2.322168082050556914e-01
2.330132052061434089e-01
2.335843745842373642e-01
2.343521047674010649e-01
2.351358322683426427e-01
2.359088172639276781e-01
2.364886732093146315e-01
2.370037157070827849e-01
2.377153749874834354e-01
2.385343539298296900e-01
2.392395992228112667e-01
2.398033686753038574e-01
2.405906216260782216e-01
2.412462971317198279e-01
2.418426659748845464e-01
2.425785079048818349e-01
2.432620745449300403e-01
2.438950256222008617e-01
2.444781524774737869e-01
2.452122673007917086e-01
2.459751344751539281e-01
2.466383246292351006e-01
2.474042586750346273e-01
2.481733094294006070e-01
2.489781023308295371e-01
2.495460372487794121e-01
2.502507616951845648e-01
2.508644823142331948e-01
2.514208756242254927e-01
2.520640881445265213e-01
2.527541384206797304e-01
2.532407355985472064e-01
2.538239769253175515e-01
2.545576310846309198e-01
2.552312557461886011e-01
2.560111493467778221e-01
2.566201012014129867e-01
2.570817942555400637e-01
2.579014659913496654e-01
2.583422889171170800e-01
2.588058739790425888e-01
2.592535592817113432e-01
2.597090920011645987e-01
2.602417578045592705e-01
2.607048177753974461e-01
2.613077301946770681e-01
2.618138881430555620e-01
2.622507819095583614e-01
2.629345481612883062e-01
2.634312039903060065e-01
2.639495995613531654e-01
2.645040491789222847e-01
2.650056211468532208e-01
2.655338349321135216e-01
2.659828972941769565e-01
2.664284296922909689e-01
2.670255246268152804e-01
2.676468073742927500e-01
2.681949687755569856e-01
2.687395476387744453e-01
2.691725161651625786e-01
2.695400225771441005e-01
2.700873908129555190e-01
2.704997257796662447e-01
2.710809795547193812e-01
2.716162130466150404e-01
2.721471532416557815e-01
2.727366021568471965e-01
2.732347143647525511e-01
2.737176854741095178e-01
2.741854127160360810e-01
2.749140061036859373e-01
2.754544403971557198e-01
2.759630324470903617e-01
2.762744945352686998e-01
2.767613596460332670e-01
2.772626872278454724e-01
2.776720051045276083e-01
2.780372971242919822e-01
2.785851837014305943e-01
2.790382124644452677e-01
2.795388065431025915e-01
2.799046302817506104e-01
2.802435620164034358e-01
2.806519125386437441e-01
2.811253569011278874e-01
2.815456737359451900e-01
2.821333451506796708e-01
2.826971983299675362e-01
2.831423120589256492e-01
2.836716335502453279e-01
2.841019095957418306e-01
2.846887153152981020e-01
2.851266232092791175e-01
2.854891953805579474e-01
2.859517218516616222e-01
2.863129246219695001e-01
2.867297709631174696e-01
2.871751734294182290e-01
2.877214885317377346e-01
2.880191050599972824e-01
2.885178910703637967e-01
2.889107678819243241e-01
2.892306629814888619e-01
2.895603000298900276e-01
2.901152057578241794e-01
2.905166651300621905e-01
2.909402707022083479e-01
2.913727313881289693e-01
2.919272391687678381e-01
2.923021744176154124e-01
2.926955637486760020e-01
2.930878264018061397e-01
2.935738502739425049e-01
2.939259590589068938e-01
2.943916240052096844e-01
2.948385865496915281e-01
2.952660046024438434e-01
2.957044625621474965e-01
2.961608773811877926e-01
2.965618100438599525e-01
2.969848521687219467e-01
2.973000127874336762e-01
2.976012672041269957e-01
2.979550111850304273e-01
2.983534259318041948e-01
2.988412951608527823e-01
2.992580282295689287e-01
2.996778270115421638e-01
2.999669707368339266e-01
3.003326729214679247e-01
3.006523226128616777e-01
3.010400840334674366e-01
3.013816041285275471e-01
3.017939938194544869e-01
3.021966136277193238e-01
3.024829064420964109e-01
3.028869349238066389e-01
3.032273775008175742e-01
3.036234877895042095e-01
3.040568367551961804e-01
3.043729916517111111e-01
3.048268642455984057e-01
3.052318666822671500e-01
3.055786917990134244e-01
3.059404110889124007e-01
3.063470437882405695e-01
3.067882083724192688e-01
3.071119680840879718e-01
3.072872320219850462e-01
3.075940422957561537e-01
3.080214493407246734e-01
3.084011469348987289e-01
3.086224242889883951e-01
3.090137814337248212e-01
3.093538379544085726e-01
3.097565790782839668e-01
3.101525304519678339e-01
3.104049808025576840e-01
3.107275725053285087e-01
3.111178904758837294e-01
3.114205071728775587e-01
3.117522110094477217e-01
3.121354374555315170e-01
3.125059957184435078e-01
3.128108307525504506e-01
3.132920195696877741e-01
