4.662938918755905188e-02
4.687628984599703091e-02
4.731233703847381733e-02
4.780381837749415885e-02
4.818889813472544692e-02
4.862297897856397016e-02
4.896576385298621187e-02
4.935470861244974777e-02
4.977297702401983076e-02
5.015591946886398950e-02
5.049122767415813173e-02
5.072789667365607685e-02
5.098233827469772494e-02
5.162894285937023181e-02
5.205062607592001594e-02
5.236935884262369778e-02
5.277169983522797536e-02
5.329636682695496064e-02
5.378946058264980068e-02
5.412497523060967597e-02
5.435229848543671888e-02
5.475275838733099920e-02
5.520998165239500433e-02
5.552660990449462264e-02
5.576301646911116516e-02
5.601667704632294631e-02
5.644281812134491205e-02
5.678560698613438484e-02
5.713726980575713904e-02
5.734132756801663816e-02
5.752958869962052774e-02
5.784096898200054987e-02
5.811692666847428218e-02
5.848143273190891528e-02
5.877834715380841207e-02
5.910096395310825840e-02
5.938374924440503050e-02
5.966910286849296668e-02
5.983744763887226953e-02
6.012614715311489361e-02
6.045255045051231568e-02
6.070386000743355909e-02
6.090130816800917724e-02
6.122771779234188055e-02
6.152974466057068575e-02
6.181760222896316020e-02
6.205267320258763680e-02
6.231228003077963346e-02
6.249021505753329236e-02
6.275220556306114472e-02
6.303159173712256924e-02
6.336241607176795743e-02
6.385036385644825285e-02
6.413391338268902009e-02
6.437267847630662176e-02
6.458789982991168521e-02
6.494867861876071902e-02
6.514014919000962744e-02
6.533330879225522636e-02
6.569386513892526425e-02
6.590178745931528359e-02
6.627429463947734356e-02
6.650740977608782245e-02
6.657972429059673403e-02
6.681116849648299771e-02
6.702273248822294971e-02
6.725526700805088687e-02
6.747681855006502916e-02
6.770052196578549286e-02
6.816170168068325097e-02
6.838677454683941836e-02
6.862236907479303538e-02
6.886832747133661559e-02
6.923043751525718992e-02
6.944820785027898402e-02
6.981963421612598364e-02
7.012759311582617006e-02
7.051239789701115035e-02
7.070404184463814634e-02
7.105301329284303968e-02
7.124757002924038407e-02
7.144645685451599115e-02
7.160323057819026338e-02
7.169635300207628792e-02
7.201391530314506240e-02
7.218517547631453368e-02
7.239837665151077628e-02
7.253138025571231884e-02
7.273577073304834939e-02
7.299276426880157986e-02
7.336739591147355133e-02
7.356426035369113825e-02
7.369871406509598266e-02
7.397876471315785463e-02
7.421479956742761674e-02
7.450489669585240449e-02
7.475253971276432652e-02
7.498343597212905887e-02
7.511721657930972573e-02
7.541105998122729637e-02
7.564703728593130672e-02
7.572633612640661260e-02
7.623360427154682317e-02
7.643128187895993630e-02
7.668164333886272332e-02
7.684516128841516192e-02
7.702424845566381573e-02
7.723734337984976273e-02
7.758705164794724163e-02
7.777035167666265791e-02
7.805815826983826533e-02
7.834136836548397098e-02
7.855275623398387530e-02
7.875373628915971480e-02
7.902457616677875663e-02
7.937511952265585702e-02
7.970931645698946244e-02
7.979212427727226664e-02
7.992486415887739559e-02
8.009312402525978203e-02
8.035026748181661738e-02
8.048965872426726287e-02
8.092020730543940388e-02
8.128751014906988870e-02
8.149609554567349701e-02
8.162287427523992611e-02
8.185703223026445652e-02
8.204174657697713147e-02
8.218687958782794345e-02
8.228397390355123020e-02
8.248735576135182712e-02
8.273541973949857797e-02
8.290936410694163539e-02
8.316597653446533567e-02
8.337142285204808545e-02
8.355335978884657899e-02
8.368752397080922445e-02
8.391235754882196696e-02
8.403900532279215407e-02
8.446306850288985701e-02
8.459886478380999886e-02
8.483759229517617850e-02
8.508348381832379903e-02
8.522814559196428830e-02
8.539503330652743751e-02
8.558665377053159551e-02
8.580488802061878029e-02
8.599006526157254582e-02
8.622342971808848178e-02
8.644339801839023840e-02
8.660147069556373145e-02
8.675240751233551095e-02
8.701516613004424416e-02
8.718905134094184772e-02
8.745947401239632935e-02
8.761895602013299034e-02
8.790490007547818729e-02
8.809066403328402739e-02
8.822041186321399886e-02
8.856706383268678207e-02
8.871414844104576203e-02
8.882996898135625541e-02
8.902218160425852400e-02
8.922086434990557369e-02
8.931795953435960056e-02
8.956238750486228417e-02
8.989070859470409125e-02
9.003143876300993831e-02
9.013322961817982204e-02
9.028686075893531393e-02
9.057713448003454348e-02
9.074971197441104864e-02
9.097287080097038459e-02
9.113702533879629308e-02
9.135453479166304180e-02
9.153491407787996137e-02
9.166411642016615569e-02
9.196280155004223078e-02
9.220751169672097847e-02
9.246281989225839382e-02
9.257527598377465750e-02
9.289285138704729550e-02
9.305648053930777597e-02
9.315728734733738636e-02
9.331619302024517226e-02
9.352279480035792514e-02
9.370907638226770586e-02
9.396107335587911003e-02
9.415203761830766294e-02
9.433420322490049248e-02
9.461602859259379827e-02
9.475441716744628651e-02
9.486588944045443172e-02
9.500272603140749728e-02
9.526442702518196637e-02
9.543306545583433997e-02
9.567454614056214446e-02
9.583877989729654157e-02
9.601010344995480894e-02
9.623016584510557525e-02
9.636068942584011254e-02
9.641587046179797560e-02
9.662250233653407738e-02
9.696628243216454113e-02
9.733182207506298200e-02
9.749226471913682857e-02
9.763894123036148676e-02
9.783814983622023120e-02
9.805395049218354475e-02
9.822611426557066594e-02
9.842618069503113187e-02
9.857501196480202010e-02
9.871172544863356102e-02
9.877621257541598088e-02
9.885758925514091799e-02
9.902761438186698240e-02
9.912598902354895214e-02
9.949893152615656156e-02
9.965912527552105160e-02
9.978645973038149930e-02
1.001344040946675895e-01
1.003484590519979347e-01
1.005441381483142965e-01
1.007223736676435832e-01
1.008379294251252611e-01
1.009505045248261929e-01
1.010959073347061365e-01
1.012851247874939908e-01
1.014213193725033296e-01
1.016349686612591230e-01
1.018444655867676157e-01
1.019339812049074590e-01
1.021623102410143813e-01
1.023255132020096797e-01
1.025506966151209787e-01
1.026397390414733046e-01
1.028900950747034387e-01
1.031378182036621904e-01
1.032469435343680991e-01
1.033369338170301299e-01
1.033764531204524606e-01
1.034299229364134820e-01
1.035382263206428149e-01
1.038029975302603714e-01
1.040351132355311348e-01
1.042493029548869771e-01
1.044078359008725754e-01
1.046064617724993123e-01
1.047821384471820938e-01
1.050402921408829515e-01
1.053034006039746256e-01
