3.016557018211765001e-02
3.056916316280525181e-02
3.086832831182639500e-02
3.113175431562596046e-02
3.165663017921063055e-02
3.208427997709011742e-02
3.239080802403001419e-02
3.266101640052439942e-02
3.284258038648980860e-02
3.331534371103712228e-02
3.363772294068018837e-02
3.394127176217997394e-02
3.427227711293088369e-02
3.446693752631201785e-02
3.485216789207129517e-02
3.511001839447083772e-02
3.534083979266803427e-02
3.551583014776097530e-02
3.582381786193680057e-02
3.616223890108482414e-02
3.639655883058862118e-02
3.663854762724864933e-02
3.694338869204919634e-02
3.727472688506246884e-02
3.766818145599903911e-02
3.773764600362992244e-02
3.807373435609501255e-02
3.839702722606943425e-02
3.872667362190295587e-02
3.895988533740932930e-02
3.926736988648029530e-02
3.949133878335270992e-02
3.990132948666325063e-02
4.021223371565366828e-02
4.044592231505519248e-02
4.071683559507627281e-02
4.128531026210421201e-02
4.160015095504576016e-02
4.180736048227570723e-02
4.207525650906448339e-02
4.237712840319728808e-02
4.276112199290129506e-02
4.301835546210650701e-02
4.354948557933131098e-02
4.381990042470262220e-02
4.397868945595446305e-02
4.427618517619088395e-02
4.445457993814994763e-02
4.463247025499473414e-02
4.493272167657253596e-02
4.537425868312414123e-02
4.561712473203632934e-02
4.592018031378115178e-02
4.644079553282445122e-02
4.656494418240238881e-02
4.678512509234993011e-02
4.709599653961062810e-02
4.741543443176544220e-02
4.766404943191680788e-02
4.787714982131147101e-02
4.814939481307074776e-02
4.829552282161845428e-02
4.848451766884050163e-02
4.868380644567409099e-02
4.904361649831263242e-02
4.943830805306171500e-02
4.957804384780192114e-02
4.984286342015376015e-02
5.012923757506797251e-02
5.035461784263008111e-02
5.044459408860597210e-02
5.072361951712687361e-02
5.078858534648735684e-02
5.094565466499596795e-02
5.105461400776963032e-02
5.140135681633574427e-02
5.163932776872551256e-02
5.176599919879711076e-02
5.194378026842738638e-02
5.238425423119409674e-02
5.258393209751740377e-02
5.292736492657050540e-02
5.336360263456289832e-02
5.348105396062505928e-02
5.359653743958428529e-02
5.395571308400152338e-02
5.412225572003796087e-02
5.429990876197864774e-02
5.450625513793028870e-02
5.460077224241168675e-02
5.500189132576108891e-02
5.518310728242194207e-02
5.546815001379592353e-02
5.582799829298960154e-02
5.598596043729014982e-02
5.621083732200810729e-02
5.649067935974698418e-02
5.680297229955679622e-02
5.705063661444809142e-02
5.738700182821318552e-02
5.768097060110020935e-02
5.810824284625698555e-02
5.836687526331672815e-02
5.868930146816103005e-02
5.902082429707744549e-02
5.921718906581747294e-02
5.955139059457922879e-02
5.982968980427586653e-02
5.999195903424456300e-02
6.029257299760265587e-02
6.047126200448645073e-02
6.070890371072827640e-02
6.106095482367079885e-02
6.117882430916734421e-02
6.158530256252100349e-02
6.197948059266209647e-02
6.213311905621195924e-02
6.225802314722678893e-02
6.248580425409862305e-02
6.261529072028981791e-02
6.292875646291470892e-02
6.332998932409214521e-02
6.350352318796420592e-02
6.367283770713781654e-02
6.378172929275810477e-02
6.388510973013790395e-02
6.402884751469950508e-02
6.417818649585770030e-02
6.437437793033415345e-02
6.462860921026537808e-02
6.496604426117430497e-02
6.534400150429359178e-02
6.556831104139418387e-02
6.573318964497000538e-02
6.603951784340274245e-02
6.623938017148668644e-02
6.639920285519042287e-02
6.660170137223836440e-02
6.684498470275405946e-02
6.694485178727473118e-02
6.708741084356913131e-02
6.736940396952645349e-02
6.745984950877095820e-02
6.768786386461206339e-02
6.797119752804979542e-02
6.813070844821758620e-02
6.830007156893570797e-02
6.858006580467178315e-02
6.895435725728270293e-02
6.934937028239751555e-02
6.944754519873351517e-02
6.974357925402281666e-02
6.996321499416839618e-02
7.026409949826958878e-02
7.058490273958904770e-02
7.072110107715637306e-02
7.087665182382782425e-02
7.103173796244137417e-02
7.132539248127948983e-02
7.145147151625576287e-02
7.165543272856637891e-02
7.184435401366473517e-02
7.210392635310791665e-02
7.227557541881786396e-02
7.239630155060397532e-02
7.264511521900292312e-02
7.296749371238538118e-02
7.304825013449521565e-02
7.311858751179316218e-02
7.341805185386868216e-02
7.371981270284551357e-02
7.389513722855861610e-02
7.410509484844644834e-02
7.429715913564487184e-02
7.448926164883777623e-02
7.465785493885400415e-02
7.487420626795486533e-02
7.500414018482416678e-02
7.518399285146405708e-02
7.530939333991601425e-02
7.565509951862044169e-02
7.592081453149876480e-02
7.609152693700908798e-02
7.651580001316006518e-02
7.656657057676673206e-02
7.693236272694969902e-02
7.730929827358602735e-02
7.753666563018776769e-02
7.762118096060749428e-02
7.795316070299959654e-02
7.806737474622586770e-02
7.818163811432110588e-02
7.843796795907929942e-02
7.849768101585137547e-02
7.862092508561396853e-02
7.876892387201182844e-02
7.889413150133167685e-02
7.910663061803469009e-02
7.916044514281442290e-02
7.928455382753139824e-02
7.938959188515115617e-02
7.951695429708371954e-02
7.973340224672607890e-02
7.990232828840092283e-02
8.001706023701772585e-02
8.038645564598108362e-02
8.069332819257155065e-02
8.087507093249149404e-02
8.102608271344473312e-02
8.119441833942567244e-02
8.130025905361530636e-02
8.140189616849398402e-02
8.157369924761584401e-02
8.172958774623828582e-02
8.192299634931035635e-02
8.204444168703889373e-02
8.231091311095101171e-02
8.258062196736640215e-02
8.281730553817323592e-02
8.295357069659259341e-02
8.310645551101136785e-02
8.326773991187660928e-02
8.351247756330765215e-02
8.370695545967174467e-02
8.390576170391046695e-02
8.406756740120298332e-02
8.447132483153106663e-02
8.463144423122197224e-02
8.477777718529501405e-02
8.497590793798438791e-02
8.526256626833796093e-02
8.534473135811200539e-02
8.547780918946942808e-02
8.560911477189581120e-02
8.568247751245275379e-02
8.591776278129807654e-02
8.602082216898043754e-02
8.616147118354425261e-02
8.630698719831721155e-02
8.649998068290662423e-02
8.659731996650701924e-02
8.686236441029229760e-02
8.731194233273766037e-02
8.750181055832365051e-02
8.760100403935731916e-02
8.770955661676607673e-02
8.776842460078226882e-02
8.800331371397680791e-02
8.825841264361121430e-02
8.842166280150234869e-02
8.856623198715704581e-02
