1.475585003663271444e-01
1.485517882720261418e-01
1.498631801868659241e-01
1.507183421950513136e-01
1.517615252779004886e-01
1.530931616153923258e-01
1.540635807457061690e-01
1.550569516917413015e-01
1.559874560586946846e-01
1.571074889026299048e-01
1.580776627380099941e-01
1.591401986494558884e-01
1.604685091132204977e-01
1.616884573380601431e-01
1.622307341690865934e-01
1.632021944594396201e-01
1.640862209815692474e-01
1.645205838181480196e-01
1.652134179179012285e-01
1.659819515892816399e-01
1.666092296141926388e-01
1.674155573799841756e-01
1.681304083532652593e-01
1.689558165353967356e-01
1.695230445963077370e-01
1.702151000375325129e-01
1.708895343345739337e-01
1.714810627004341448e-01
1.727441501497457010e-01
1.733564671191192286e-01
1.740323749835542000e-01
1.745383068647576585e-01
1.751368308773787741e-01
1.757887035188225033e-01
1.764243747459331157e-01
1.774238103356227392e-01
1.782062276459942807e-01
1.788394497115380344e-01
1.794945292503483114e-01
1.801300347293749993e-01
1.809099463423774756e-01
1.817701762117939768e-01
1.823952476059617356e-01
1.836872110098959066e-01
1.842115156325790370e-01
1.848761909141615478e-01
1.857669323762999591e-01
1.862917036919975733e-01
1.872021400001437352e-01
1.879097937390685480e-01
1.882596307063431340e-01
1.889481981203327554e-01
1.896233478524469163e-01
1.900249699090388600e-01
1.906038228691416814e-01
1.910117173222474207e-01
1.918091143888762673e-01
1.921944010629926258e-01
1.925061274604712713e-01
1.928501060123258004e-01
1.931970939316291769e-01
1.941979532793270680e-01
1.950994843268366308e-01
1.952522055429985748e-01
1.959460377168281975e-01
1.963074241184348256e-01
1.967490413709039876e-01
1.975739566124390389e-01
1.982810736907770210e-01
1.986299202778228079e-01
1.988946066910930732e-01
1.995894154100626428e-01
2.000241907000434582e-01
2.006058722078073731e-01
2.012732156679116757e-01
2.017675734782099772e-01
2.022530540691281353e-01
2.027955696528435381e-01
2.030622721415084875e-01
2.035395850866039136e-01
2.041104456146175805e-01
2.046333898004052410e-01
2.048765054700955324e-01
2.052064456914436397e-01
2.056231497009426423e-01
2.060315647593364274e-01
2.064817255468715251e-01
2.068335163635036944e-01
2.071924185919917782e-01
2.074245994800665016e-01
2.077682657492812557e-01
2.081447448889832685e-01
2.085912903614093039e-01
2.088937673885561397e-01
2.093008608712949303e-01
2.095358313984423126e-01
2.098300486714383128e-01
2.101519623063603792e-01
2.106743306029421614e-01
2.110359738255444817e-01
2.117171000730451724e-01
2.119416411689219182e-01
2.121296318404853609e-01
2.124931511767818582e-01
2.129118445890809952e-01
2.134332032185017047e-01
2.138287833056113640e-01
2.139969869154484117e-01
2.147616176269645794e-01
2.150058872734878224e-01
2.152910972395239708e-01
2.155558369198040114e-01
2.160627863409387839e-01
2.163162830258673341e-01
2.166037664103920291e-01
2.169210282646910348e-01
2.171501359057776137e-01
2.175941487632888360e-01
2.179622458962513776e-01
2.183608353171732630e-01
2.185817418542281010e-01
2.188571041762225056e-01
2.191732374436641262e-01
2.193361986438964184e-01
2.197557683796138028e-01
2.200893692566456838e-01
2.204965042160840494e-01
2.208758880204358122e-01
2.210315748204054465e-01
2.216306773728420054e-01
2.222161717072164977e-01
2.225481896273133475e-01
2.228278268529765571e-01
2.232120041173090985e-01
2.234578903392747395e-01
2.236872016230078974e-01
2.238100460888396148e-01
2.241488327744176889e-01
2.243594076365227064e-01
2.245521619989331030e-01
2.248806891492501625e-01
2.252963439904243359e-01
2.255835676211059848e-01
2.260606345462461142e-01
2.264693771425517754e-01
2.266528293060776356e-01
2.273599774743118862e-01
2.279073553311920797e-01
2.284975952427424073e-01
2.288773318821092362e-01
2.291652074346388068e-01
2.297581389991693590e-01
2.301396334969997015e-01
2.305583959753096102e-01
2.307427481728959451e-01
2.308476525493579623e-01
2.310450218679546419e-01
2.313938120919399877e-01
2.319242736228865065e-01
2.320618199791600611e-01
2.323896553746415961e-01
2.327100194042933945e-01
2.331268976303029483e-01
2.333036953944474523e-01
2.335602878548303507e-01
2.337637817420866460e-01
2.338895409060062769e-01
2.342014201455646649e-01
2.344168703825118827e-01
2.345393229061676355e-01
2.347204943014777334e-01
2.353908882798026181e-01
2.356836381813483816e-01
2.358623083719652014e-01
2.361165705492833666e-01
2.363011744991034002e-01
2.366603369432116188e-01
2.367844954553109671e-01
2.369093872300626624e-01
2.372555396288713869e-01
2.375355126632201219e-01
2.379264819030271760e-01
2.384202652877639439e-01
2.386554110159741227e-01
2.388554224205386711e-01
2.393637360365535316e-01
2.396446531616065190e-01
2.399534673863756018e-01
2.401261067628140122e-01
2.403120565425964084e-01
2.407625441334043104e-01
2.410313816447516022e-01
2.412517965555023847e-01
2.414107273520635644e-01
2.415221385447642310e-01
2.417559896189381830e-01
2.418922590040467335e-01
2.421882134425024924e-01
2.424307534311878065e-01
2.426370825610485726e-01
2.430521175396607447e-01
2.433654495172874188e-01
2.437911641225427861e-01
2.441532440845515517e-01
2.442702241250302164e-01
2.444387836315223828e-01
2.446311164707220820e-01
2.448528975767203519e-01
2.451088732389018754e-01
2.453051270460784028e-01
2.455143264491768673e-01
2.457496197321225040e-01
2.458426747173596827e-01
2.461000003702887018e-01
2.463886757228703761e-01
2.468346620699662930e-01
2.470012459960256590e-01
2.471191117370127865e-01
2.474578626768989820e-01
2.476020653818560013e-01
2.479561054663153019e-01
2.480736608856533576e-01
2.481699059943370811e-01
2.484729467742015085e-01
2.488057248363945706e-01
2.489420640752468550e-01
2.491568970093913371e-01
2.494188223907660429e-01
2.496128142857899634e-01
2.497239895554425881e-01
2.499447137105261507e-01
2.501706392399824508e-01
2.504929331460014619e-01
2.505772883624247105e-01
2.507839737421497794e-01
2.511963997118885628e-01
2.513542828629593551e-01
2.515012901345259344e-01
2.517119223705497899e-01
2.520252519475027486e-01
2.520943930380182274e-01
2.522759059298937956e-01
2.524105640609158319e-01
2.526484695344519138e-01
2.529016392464565333e-01
2.533390413774363470e-01
2.534871018995027425e-01
2.535789702938213708e-01
2.536255846519453461e-01
2.539003087106893042e-01
2.541191795741107318e-01
