1.518464722295025104e-01
1.529843312917214537e-01
1.540614621750808488e-01
1.552622740773871024e-01
1.563212750102710713e-01
1.571212348031712225e-01
1.579528907346547939e-01
1.587975503051274329e-01
1.596046741956100856e-01
1.604874694196545826e-01
1.612098103858820297e-01
1.622991462784079686e-01
1.637236805093274239e-01
1.647821462804842096e-01
1.658914826693633771e-01
1.665314014320393166e-01
1.677777160296810011e-01
1.686895656090779960e-01
1.693370914072633571e-01
1.700425696784785834e-01
1.708659421265246170e-01
1.712306758730515188e-01
1.719519991009202109e-01
1.730697468089153201e-01
1.743170419702306240e-01
1.749847312896845863e-01
1.756864141441308313e-01
1.761652197314451107e-01
1.769615101037168015e-01
1.777378660256736242e-01
1.786243816519769712e-01
1.793509930301371291e-01
1.804073321441343747e-01
1.813506830598893560e-01
1.821688940056327699e-01
1.828610783364568448e-01
1.838136940007124576e-01
1.844804863992929034e-01
1.852991642138809847e-01
1.857979046639252618e-01
1.865754527067969015e-01
1.873924863092685800e-01
1.877840395014918617e-01
1.882948333039843325e-01
1.891019641257245532e-01
1.895308706111293040e-01
1.904302239336272962e-01
1.912521308443702328e-01
1.919720334910968162e-01
1.926470244567367318e-01
1.932532929972396729e-01
1.937475718505848599e-01
1.945555486580818338e-01
1.950201015362537649e-01
1.958986326118098698e-01
1.962675433868186214e-01
1.966886841975965250e-01
1.975234118788806448e-01
1.982634659285348044e-01
1.992460121158541597e-01
1.994296832655891583e-01
1.998875974218458085e-01
2.001711537760142434e-01
2.003596556850145427e-01
2.008992370868439015e-01
2.013179418343166438e-01
2.017412876409665490e-01
2.020946714437596992e-01
2.026287969198498351e-01
2.030139087276857102e-01
2.034377699413762175e-01
2.038471369705459335e-01
2.042790103941467816e-01
2.046692199635606613e-01
2.051048828148332448e-01
2.055518905442627886e-01
2.060839537770566832e-01
2.065160770994129702e-01
2.067402938087739006e-01
2.070628255808266149e-01
2.075828477264259064e-01
2.081804167511241699e-01
2.087941710217395830e-01
2.092993644242675810e-01
2.097900785233950405e-01
2.100791746211295996e-01
2.104330496198471290e-01
2.109699988635230783e-01
2.117877106122982300e-01
2.121106576330746840e-01
2.126417352482718182e-01
2.129511831263245503e-01
2.132121227103226657e-01
2.135394434843825573e-01
2.139299741540270916e-01
2.147260149299470566e-01
2.153267660429760144e-01
2.155171781479496840e-01
2.157172073939375156e-01
2.161070785721690424e-01
2.163611589815225000e-01
2.168130853389498292e-01
2.170025804843045414e-01
2.173705701157226944e-01
2.177721966299317191e-01
2.180669293219863192e-01
2.185076095989751388e-01
2.189702407450318800e-01
2.192301760883736128e-01
2.195460761456830279e-01
2.199440327270704432e-01
2.204197090506067602e-01
2.208664698542854021e-01
2.214526061727557782e-01
2.218153826088024028e-01
2.221409982389568882e-01
2.225325499269210916e-01
2.228742680405386145e-01
2.231348627042135657e-01
2.236449033542754206e-01
2.240929733815344715e-01
2.246961694336953586e-01
2.251144481469039282e-01
2.255708363115460913e-01
2.258479672708758601e-01
2.261651683845800620e-01
2.266043523142300398e-01
2.269270177705999536e-01
2.274196185051265418e-01
2.280792234006067398e-01
2.282895599778197449e-01
2.285956893905621012e-01
2.289530232328424175e-01
2.293590376074247372e-01
2.295158965201263557e-01
2.299028020405479988e-01
2.302412258550405322e-01
2.307185663657834174e-01
2.312738147053126914e-01
2.315863744018591408e-01
2.319856278304304187e-01
2.322751679627022281e-01
2.325841740432601501e-01
2.328072474884473331e-01
2.333734171667993518e-01
2.337400973660039294e-01
2.339532324770404459e-01
2.344041998456198872e-01
2.350374075165827525e-01
2.354140288781914336e-01
2.356087092212857947e-01
2.359947502714582201e-01
2.365743839644629254e-01
2.367688121610224128e-01
2.371748313740534297e-01
2.376967144016104427e-01
2.380262776713544526e-01
2.383766023120146293e-01
2.386062888082581268e-01
2.387192290268190242e-01
2.391579060496825948e-01
2.394123640348819748e-01
2.396287530676856070e-01
2.399130974401850747e-01
2.400440949114778233e-01
2.402262910694216158e-01
2.404880655814232160e-01
2.408275240219677760e-01
2.410511064781374890e-01
2.412854069272906410e-01
2.414877662492051491e-01
2.417342694032936501e-01
2.418729390983695993e-01
2.421305820943455145e-01
2.424236162445502496e-01
2.429627635594472368e-01
2.433500278596902877e-01
2.437356206921303114e-01
2.441074217411964842e-01
2.442636992934824336e-01
2.445122382848850806e-01
2.446249933941571364e-01
2.448149943664679751e-01
2.449724183707110703e-01
2.452110254015118784e-01
2.456171198039385772e-01
2.459369865699541358e-01
2.461834655976268549e-01
2.464002896672870535e-01
2.465369501107324557e-01
2.467554298912335575e-01
2.470025269021098036e-01
2.474354393478083447e-01
2.475753441331156601e-01
2.477761937907693168e-01
2.479075085953793001e-01
2.480117304228694475e-01
2.482156910243141223e-01
2.484775161804429755e-01
2.487277976958753301e-01
2.488210236777977646e-01
2.490429992696337747e-01
2.493897450800493798e-01
2.494898409982355680e-01
2.499011771652711600e-01
2.500104508096468447e-01
2.502523155419099088e-01
2.505064717141335939e-01
2.507850494240270178e-01
2.508775825509838575e-01
2.513372184142001475e-01
2.516155065082644748e-01
2.517868084756283986e-01
2.519642986331327994e-01
2.524488236622859372e-01
2.525868257932543659e-01
2.526610379598583367e-01
2.528434870287351033e-01
2.531444690497053340e-01
2.533975836939977855e-01
2.535521262396753794e-01
2.537256069146813231e-01
2.540789142031449899e-01
2.543918813752234498e-01
2.548106121731756324e-01
2.550594892084518950e-01
2.552520435160956502e-01
2.554144376550651629e-01
2.556347243011947157e-01
2.559816202484854752e-01
2.562250536067196549e-01
2.563919705825742912e-01
2.565112753992592753e-01
2.567464347500330035e-01
2.569784853187143669e-01
2.571881919187982701e-01
2.573517177038465720e-01
2.576139729925894795e-01
2.580600969308490811e-01
2.581848142112684319e-01
2.584791381611707961e-01
2.585921597323623811e-01
2.588469330350988695e-01
2.591098102024792516e-01
2.592799162469345831e-01
2.593577102805899592e-01
2.597200173972734061e-01
2.598774050157647841e-01
2.601974004370983806e-01
2.604073701431947052e-01
2.604946797675455339e-01
