1.468464722295025060e-01
1.479843312917214493e-01
1.490614621750808444e-01
1.502622740773870980e-01
1.513212750102710669e-01
1.521212348031712180e-01
1.529528907346547895e-01
1.537975503051274284e-01
1.546046741956100812e-01
1.554874694196545781e-01
1.562098103858820253e-01
1.572991462784079642e-01
1.587236805093274195e-01
1.597821462804842052e-01
1.608914826693633726e-01
1.615314014320393121e-01
1.627777160296809966e-01
1.636895656090779916e-01
1.643370914072633526e-01
1.650425696784785790e-01
1.658659421265246126e-01
1.662306758730515144e-01
1.669519991009202065e-01
1.680697468089153157e-01
1.693170419702306195e-01
1.699847312896845819e-01
1.706864141441308269e-01
1.711652197314451063e-01
1.719615101037167970e-01
1.727378660256736198e-01
1.736243816519769667e-01
1.743509930301371247e-01
1.754073321441343702e-01
1.763506830598893516e-01
1.771688940056327655e-01
1.778610783364568404e-01
1.788136940007124531e-01
1.794804863992928989e-01
1.802991642138809802e-01
1.807979046639252574e-01
1.815754527067968971e-01
1.823924863092685755e-01
1.827840395014918573e-01
1.832948333039843281e-01
1.841019641257245487e-01
1.845308706111292996e-01
1.854302239336272917e-01
1.862521308443702284e-01
1.869720334910968118e-01
1.876470244567367274e-01
1.882532929972396685e-01
1.887475718505848554e-01
1.895555486580818294e-01
1.900201015362537604e-01
1.908986326118098653e-01
1.912675433868186170e-01
1.916886841975965206e-01
1.925234118788806403e-01
1.932634659285348000e-01
1.942460121158541553e-01
1.944296832655891538e-01
1.948875974218458040e-01
1.951711537760142390e-01
1.953596556850145383e-01
1.958992370868438970e-01
1.963179418343166394e-01
1.967412876409665445e-01
1.970946714437596947e-01
1.976287969198498307e-01
1.980139087276857057e-01
1.984377699413762131e-01
1.988471369705459291e-01
1.992790103941467772e-01
1.996692199635606568e-01
2.001048828148332404e-01
2.005518905442627842e-01
2.010839537770566787e-01
2.015160770994129658e-01
2.017402938087738962e-01
2.020628255808266105e-01
2.025828477264259020e-01
2.031804167511241654e-01
2.037941710217395785e-01
2.042993644242675766e-01
2.047900785233950360e-01
2.050791746211295952e-01
2.054330496198471245e-01
2.059699988635230739e-01
2.067877106122982256e-01
2.071106576330746796e-01
2.076417352482718137e-01
2.079511831263245458e-01
2.082121227103226613e-01
2.085394434843825529e-01
2.089299741540270872e-01
2.097260149299470522e-01
2.103267660429760100e-01
2.105171781479496795e-01
2.107172073939375112e-01
2.111070785721690379e-01
2.113611589815224956e-01
2.118130853389498247e-01
2.120025804843045369e-01
2.123705701157226899e-01
2.127721966299317147e-01
2.130669293219863147e-01
2.135076095989751344e-01
2.139702407450318755e-01
2.142301760883736084e-01
2.145460761456830234e-01
2.149440327270704387e-01
2.154197090506067558e-01
2.158664698542853977e-01
2.164526061727557738e-01
2.168153826088023983e-01
2.171409982389568838e-01
2.175325499269210872e-01
2.178742680405386101e-01
2.181348627042135613e-01
2.186449033542754161e-01
2.190929733815344671e-01
2.196961694336953541e-01
2.201144481469039238e-01
2.205708363115460868e-01
2.208479672708758557e-01
2.211651683845800576e-01
2.216043523142300353e-01
2.219270177705999492e-01
2.224196185051265373e-01
2.230792234006067354e-01
2.232895599778197404e-01
2.235956893905620968e-01
2.239530232328424131e-01
2.243590376074247328e-01
2.245158965201263512e-01
2.249028020405479944e-01
2.252412258550405277e-01
2.257185663657834129e-01
2.262738147053126869e-01
2.265863744018591364e-01
2.269856278304304142e-01
2.272751679627022237e-01
2.275841740432601457e-01
2.278072474884473286e-01
2.283734171667993473e-01
2.287400973660039250e-01
2.289532324770404415e-01
2.294041998456198828e-01
2.300374075165827481e-01
2.304140288781914292e-01
2.306087092212857903e-01
2.309947502714582157e-01
2.315743839644629209e-01
2.317688121610224083e-01
2.321748313740534253e-01
2.326967144016104383e-01
2.330262776713544481e-01
2.333766023120146249e-01
2.336062888082581224e-01
2.337192290268190198e-01
2.341579060496825904e-01
2.344123640348819704e-01
2.346287530676856026e-01
2.349130974401850702e-01
2.350440949114778189e-01
2.352262910694216114e-01
2.354880655814232115e-01
2.358275240219677715e-01
2.360511064781374846e-01
2.362854069272906365e-01
2.364877662492051447e-01
2.367342694032936457e-01
2.368729390983695948e-01
2.371305820943455100e-01
2.374236162445502452e-01
2.379627635594472324e-01
2.383500278596902833e-01
2.387356206921303070e-01
2.391074217411964797e-01
2.392636992934824292e-01
2.395122382848850762e-01
2.396249933941571320e-01
2.398149943664679706e-01
2.399724183707110658e-01
2.402110254015118740e-01
2.406171198039385728e-01
2.409369865699541313e-01
2.411834655976268504e-01
2.414002896672870491e-01
2.415369501107324512e-01
2.417554298912335531e-01
2.420025269021097991e-01
2.424354393478083403e-01
2.425753441331156557e-01
2.427761937907693124e-01
2.429075085953792956e-01
2.430117304228694430e-01
2.432156910243141179e-01
2.434775161804429711e-01
2.437277976958753256e-01
2.438210236777977602e-01
2.440429992696337702e-01
2.443897450800493754e-01
2.444898409982355636e-01
2.449011771652711555e-01
2.450104508096468403e-01
2.452523155419099044e-01
2.455064717141335895e-01
2.457850494240270134e-01
2.458775825509838531e-01
2.463372184142001431e-01
2.466155065082644704e-01
2.467868084756283942e-01
2.469642986331327950e-01
2.474488236622859327e-01
2.475868257932543615e-01
2.476610379598583322e-01
2.478434870287350988e-01
2.481444690497053296e-01
2.483975836939977810e-01
2.485521262396753750e-01
2.487256069146813187e-01
2.490789142031449854e-01
2.493918813752234453e-01
2.498106121731756279e-01
2.500594892084518905e-01
2.502520435160956458e-01
2.504144376550651585e-01
2.506347243011947112e-01
2.509816202484854708e-01
2.512250536067196505e-01
2.513919705825742867e-01
2.515112753992592709e-01
2.517464347500329991e-01
2.519784853187143625e-01
2.521881919187982657e-01
2.523517177038465675e-01
2.526139729925894750e-01
2.530600969308490766e-01
2.531848142112684275e-01
2.534791381611707917e-01
2.535921597323623766e-01
2.538469330350988651e-01
2.541098102024792471e-01
2.542799162469345786e-01
2.543577102805899548e-01
2.547200173972734016e-01
2.548774050157647797e-01
2.551974004370983762e-01
2.554073701431947008e-01
2.554946797675455294e-01
