1.979008699454879727e-01
2.008927022022966302e-01
2.033181226452803747e-01
2.059326482691441473e-01
2.084792690827358685e-01
2.104582545363373469e-01
2.132162733274978184e-01
2.149848933149831054e-01
2.170831872736530277e-01
2.192253474008049041e-01
2.213906916397377356e-01
2.239299241309683774e-01
2.263861559519746991e-01
2.290934920475506953e-01
2.314800741083820890e-01
2.338763081242998532e-01
2.366180207276548375e-01
2.391012363991891487e-01
2.408113612249242752e-01
2.431630108326504891e-01
2.453050004029873887e-01
2.474893914844043252e-01
2.493860822060753601e-01
2.515491737030566277e-01
2.534662733127442391e-01
2.557819295462524511e-01
2.581497043682569048e-01
2.601019308034149824e-01
2.615451200931799836e-01
2.635292504798495972e-01
2.652499088636081082e-01
2.672424767691062852e-01
2.690479712459572514e-01
2.710491510547863303e-01
2.727786812439287889e-01
2.747445969524400788e-01
2.767987411132831199e-01
2.784554022631561820e-01
2.803741789647323235e-01
2.822494373412383073e-01
2.841005769927237856e-01
2.859280443998096222e-01
2.873741920039629694e-01
2.888321836666028486e-01
2.900867807965195055e-01
2.918358355366980628e-01
2.933861031687959309e-01
2.952320739600965971e-01
2.970206522192481158e-01
2.988335185072485967e-01
3.004520305306419559e-01
3.022501722207775465e-01
3.037151159835785874e-01
3.055130104325526896e-01
3.071831302849152290e-01
3.089726924768872451e-01
3.105156921317108187e-01
3.124274086903491288e-01
3.142024645127828864e-01
3.156441154352915834e-01
3.172101721881221970e-01
3.184575801903768433e-01
3.198417016618291253e-01
3.214357296778087014e-01
3.228946232576586084e-01
3.241936293015942328e-01
3.257178017361228584e-01
3.270752924265785122e-01
3.286172297898485861e-01
3.299196634616508028e-01
3.319106507942978790e-01
3.330942376858024856e-01
3.343733326769486314e-01
3.356510625618362442e-01
3.370367243601056217e-01
3.384371074794594869e-01
3.395409391315653558e-01
3.406828818880491272e-01
3.422220287388533233e-01
3.434997861578123479e-01
3.450046885517199513e-01
3.465095265523328028e-01
3.474259914891106305e-01
3.486423959290896324e-01
3.497182308974928766e-01
3.507320812280563804e-01
3.519581767115675941e-01
3.533512810319853203e-01
3.548314333921352981e-01
3.560935528021693663e-01
3.571114419886328162e-01
3.585169383152166378e-01
3.597350052009097854e-01
3.607614472638196457e-01
3.619245511749140665e-01
3.630188320040099170e-01
3.639279358953479426e-01
3.648668971315693343e-01
3.663025584487016317e-01
3.673325899277935513e-01
3.683348444997297522e-01
3.691696629714570355e-01
3.702832316378523170e-01
3.712408901437393993e-01
3.724891211739149166e-01
3.734445882500712632e-01
3.743973698366598879e-01
3.753095193212950265e-01
3.762080505270052888e-01
3.773755284465874493e-01
3.787461182925151437e-01
3.795569039689675739e-01
3.805195011920484705e-01
3.813729673644941642e-01
3.824321204259478746e-01
3.832810559164476771e-01
3.841905824442217177e-01
3.850259163998482892e-01
3.859970896191305956e-01
3.869849657353534034e-01
3.878132513647599700e-01
3.888911053818209784e-01
3.897719122697084204e-01
3.906410378125161897e-01
3.915329046918233358e-01
3.925855204150616728e-01
3.933690489993960093e-01
3.942777320056432000e-01
3.950687248455955203e-01
3.962363376597398679e-01
3.972351117099627849e-01
3.979092234626939173e-01
3.988724237194795075e-01
3.997293118620222629e-01
4.008028823308106281e-01
4.019614999445336179e-01
4.028900072986431047e-01
4.039301611475337728e-01
4.046745049356978430e-01
4.054913596396826359e-01
4.064470459016432113e-01
4.075155625693497319e-01
4.082543805839262130e-01
4.092592188185407709e-01
4.103093747737990293e-01
4.110924013754903017e-01
4.117824334402643283e-01
4.123599314249775660e-01
4.132881417478012076e-01
4.139354312288189286e-01
4.148012769722583815e-01
4.152634939646221990e-01
4.158934193460381290e-01
4.167653425483811569e-01
4.172926338149275383e-01
4.179585560417820034e-01
4.189117267636212061e-01
4.195257654842892703e-01
4.202373781093091676e-01
4.207382305378248311e-01
4.214179112747688527e-01
4.220901166859432618e-01
4.229648906267661213e-01
4.236687757740084659e-01
4.243488353914970923e-01
4.252319335179146620e-01
4.257854349586092102e-01
4.265984097681387310e-01
4.275425531021613268e-01
4.284216064687200176e-01
4.294584006357653472e-01
4.302323598384283354e-01
4.307770885534030758e-01
4.316110840212246114e-01
4.322223941912582967e-01
4.329983713717087679e-01
4.338513091201085525e-01
4.345557077822871928e-01
4.351879155211879624e-01
4.358048850564272825e-01
4.366620285705538063e-01
4.373450577590077271e-01
4.380045510970252409e-01
4.385292847014451989e-01
4.391364507011228935e-01
4.397465624846305654e-01
4.402617642246068330e-01
4.410897772665240413e-01
4.418553767790651676e-01
4.423831378127991987e-01
4.428178134214280082e-01
4.434083397818356920e-01
4.438092326065699034e-01
4.447463678454656177e-01
4.454034132628110765e-01
4.463256925830940691e-01
4.473821080586654064e-01
4.480243398429414325e-01
4.488141029138756344e-01
4.493325307627071830e-01
4.499804921527057466e-01
4.506159381288018517e-01
4.512490923114905184e-01
4.519290805280736234e-01
4.524973762863683802e-01
4.530386139809282620e-01
4.534333336906533063e-01
4.539181035449726398e-01
4.544407769566288779e-01
4.551941429731302113e-01
4.558495418280607558e-01
4.564093072121365169e-01
4.571415267748213940e-01
4.579395432582334946e-01
4.584899808349784389e-01
4.592334744865551044e-01
4.597019415183897229e-01
4.601372551510285458e-01
4.611497930490340291e-01
4.616553995145089573e-01
4.621136074098682878e-01
4.631440430595149538e-01
4.635745783507120299e-01
4.644321723991411965e-01
4.650556070092714545e-01
4.656667755089962113e-01
4.662670714893824564e-01
4.667279976372635253e-01
4.672532348607056352e-01
4.679981654153731463e-01
4.684020095646930781e-01
4.690216064541130048e-01
4.694620382715904428e-01
4.699587688044999934e-01
4.705470707627185112e-01
4.711460551246396400e-01
4.716808565755216676e-01
4.722899338584633511e-01
4.727174668599515850e-01
4.732008740529154989e-01
4.737575063535781617e-01
4.741018435494120387e-01
4.746400710145808888e-01
4.751365229725247330e-01
4.757569669227679210e-01
4.763764746370061087e-01
4.768906390324809119e-01
4.775160111918271277e-01
4.779919013309589793e-01
4.784039803753872278e-01
4.790986715030288168e-01
