1 14760
1 15716
1 1736
1 21147
1 25358
1 13776
1 15894
1 7621
1 13560
1 5697
1 3107
1 22111
1 2648
1 16512
1 14337
1 2943
1 11448
1 903
1 145
1 12020
1 25638
1 1556
1 24444
1 18572
1 8820
1 3026
1 17974
1 10859
1 9861
1 19865
1 6085
1 15878
1 2638
1 24385
1 5525
1 13733
1 13465
1 15039
1 11882
1 1274
1 11008
1 9187
1 2894
1 3907
1 3882
1 19671
1 11221
1 13123
1 14331
1 21086
1 5012
1 2872
1 715
1 15069
1 15542
1 19268
1 3905
1 20163
1 3056
1 23849
1 1973
1 12452
1 9222
1 18130
1 24983
1 15019
1 18667
1 16338
1 9190
1 22889
1 13881
1 22923
1 22094
1 8419
1 3668
1 2099
1 15893
1 4441
1 2533
1 25448
1 16125
1 24939
1 18822
1 8020
1 2822
1 17487
1 21206
1 3690
1 22036
1 400
1 273
1 19349
1 22079
1 23222
1 9992
1 233
1 10324
1 7650
1 5558
1 4013
1 12076
1 9299
1 25015
1 14007
1 14744
1 23832
1 891
1 6148
1 9095
1 7181
1 9348
1 15054
1 15089
1 25463
1 14722
1 21483
1 4985
1 23337
1 3476
1 23339
1 13474
1 13136
1 17954
1 24456
1 10990
1 7479
1 16789
1 12025
1 16384
1 629
1 18978
1 21827
1 24601
1 1544
1 12922
1 5601
1 11160
1 17703
1 24398
1 2571
1 12470
1 17748
1 22939
1 6664
1 25477
1 8172
1 21644
1 24013
1 20593
1 24978
1 11004
1 12456
1 19774
1 23383
1 11510
1 11934
1 8865
1 21199
1 12730
1 2581
1 9864
1 5960
1 16941
1 18019
1 16573
1 19501
1 10156
1 16496
1 3135
1 16065
1 6389
1 16694
1 9242
1 21765
1 12982
1 9571
1 15798
1 5678
1 11866
1 23507
1 7652
1 17239
1 24224
1 13036
1 22246
1 14269
1 22419
1 21238
1 19169
1 4012
1 6175
1 22830
1 411
1 3604
1 19883
1 15628
1 20451
1 11757
1 25601
1 5240
1 25418
1 11953
1 21079
1 8272
1 6181
1 22516
1 11358
1 16900
1 16694
1 9660
1 7356
1 9734
1 9395
1 23104
1 13808
1 14225
1 23540
1 8865
1 6203
1 856
1 223
1 20043
1 25101
1 16677
1 23676
1 22903
1 4936
1 9567
1 10165
1 20115
1 4765
1 20160
1 25796
1 11817
1 17915
1 6543
1 18367
1 23869
1 14968
1 16553
1 4453
1 10332
1 19533
1 20071
1 5697
1 19229
1 19436
1 3923
1 17382
1 9368
1 16927
1 10401
1 16334
1 21536
1 24713
1 11281
1 20337
1 15796
1 12835
1 12219
1 12943
1 9984
1 25569
1 25055
1 8182
1 9403
1 20089
1 1646
1 9014
1 16055
1 8628
1 18527
1 18968
1 14762
1 3614
1 4550
1 12275
1 3384
1 4936
1 25242
1 2679
1 19254
1 16778
1 23676
1 25923
1 23612
1 15280
1 2660
1 6112
1 15490
1 10007
1 1304
1 25825
1 17616
1 20238
1 19303
1 1463
1 21147
1 19975
1 998
1 25675
1 15907
1 21673
1 14608
1 14173
1 12998
1 5668
1 267
1 3237
1 24664
1 3131
1 11661
1 18839
1 16694
1 17449
1 15184
1 16975
1 14294
1 16027
1 15739
1 19745
1 14289
1 21692
1 22665
1 24398
1 21678
1 15901
1 15544
1 5870
1 24478
1 9222
1 23337
1 14083
1 21082
1 9853
1 19403
1 19487
1 23919
1 5513
1 21732
1 17710
1 10823
1 3980
1 18134
1 21472
1 21749
1 1586
1 16986
1 15734
1 13099
1 813
1 23699
1 6633
1 17536
1 8353
1 18737
1 12098
1 21563
1 17036
1 4837
1 13784
1 24090
1 11133
1 9571
1 19531
1 19579
1 18532
1 25418
1 588
1 19118
1 14792
1 10748
1 13467
1 21673
1 5512
1 9495
1 25268
1 2809
1 1434
1 2302
1 9235
1 9915
1 7874
1 14504
1 21069
1 19003
1 25001
1 4080
1 24128
1 2658
1 15416
1 23920
1 13858
1 19287
1 16712
1 13345
1 9599
1 24741
1 7866
1 19636
1 10947
1 14469
1 10977
1 7951
1 17624
1 12075
1 12112
1 11120
1 11265
1 10107
1 20866
1 19659
1 5756
1 6071
1 23600
1 23058
1 10374
1 14836
1 10293
1 19440
1 16689
1 20528
1 19133
1 24939
1 9400
1 13576
1 15946
1 18981
1 13094
1 24989
1 21415
1 24181
1 15084
1 8280
1 21770
1 14316
1 23729
1 12905
1 923
1 23945
1 11867
1 8198
1 2293
1 19730
1 3729
1 9778
1 12219
1 15882
1 22063
1 6437
1 3221
1 23990
1 25873
1 22703
1 15663
1 21093
1 620
1 19410
1 7584
1 3862
1 2658
1 22044
1 23407
1 23158
1 17597
1 6923
1 11537
1 11473
1 4230
1 2909
1 4304
1 20710
1 15542
1 20064
1 19110
1 9716
1 3084
1 6914
1 7415
1 9775
1 13023
1 22790
1 15053
1 288
1 15483
1 9272
1 25873
1 13026
1 18005
1 19850
1 21519
1 22571
1 10933
1 3742
1 8009
1 4132
1 9635
1 4519
1 22193
1 17293
1 23288
1 14153
1 2898
1 7267
1 12718
1 10335
1 19513
1 16764
1 24563
1 24527
1 23422
1 21631
1 2949
1 11549
1 10334
1 2519
1 16914
1 2661
1 18086
1 25149
1 22619
1 2521
1 1946
1 23398
1 16277
1 17514
1 24759
1 10126
1 22889
1 12243
1 22731
1 4872
1 17487
1 249
1 20307
1 22735
1 11912
1 8760
1 5212
1 16951
1 24480
1 22889
1 23086
1 17887
1 17114
1 18494
1 3907
1 25311
1 6474
1 20468
1 14154
1 6939
1 9344
1 24166
1 18544
1 20161
1 12541
1 8601
1 21073
1 8663
1 24768
1 4200
1 13093
1 18212
1 3338
1 22871
1 3470
1 14951
1 25851
1 995
1 12792
1 16351
1 12211
1 9565
1 12178
1 24117
1 20770
1 3237
1 17907
1 15225
1 6663
1 15078
1 3740
1 18454
1 14061
1 12627
1 714
1 16825
1 18231
1 2299
1 16896
1 8419
1 7617
1 25555
1 11759
1 23460
1 19110
1 21800
1 21673
1 12554
1 1734
1 18583
1 11022
1 7209
1 22233
1 1431
1 18529
1 23058
1 18281
1 1459
1 9664
1 23383
1 11021
1 14700
1 13465
1 11126
1 20115
1 2809
1 8997
1 6928
1 17275
1 11468
1 9511
1 22027
1 2483
1 4039
1 16349
1 15497
1 1795
1 5781
1 695
1 13294
1 14489
1 16840
1 2328
1 19865
1 17107
1 15363
1 22128
1 14960
1 2517
1 14245
1 16875
1 15542
1 15414
1 2516
1 7113
1 7584
1 2478
1 14498
1 3848
1 17487
1 6850
1 7629
1 2732
1 3566
1 15615
1 17906
1 23114
1 16826
1 2943
1 3649
1 10173
1 17213
1 16527
1 13130
1 7533
1 9601
1 2248
1 8823
1 20675
1 11304
1 9376
1 5880
1 20676
1 6604
1 20567
1 25225
1 7130
1 16875
1 15132
1 11953
1 21564
1 21683
1 11825
1 22631
1 10975
1 19938
1 23055
1 19111
1 17487
1 5872
1 23617
1 11965
1 9621
1 5805
1 11475
1 7015
1 23990
1 18364
1 3586
1 22500
1 17897
1 12025
1 13400
1 15407
1 25627
1 3120
1 8745
1 8416
1 25323
1 16675
1 15926
1 36
1 10948
1 23435
1 11905
1 20660
1 7731
1 13248
1 14235
1 8141
1 15458
1 15339
1 19839
1 14552
1 20932
1 5922
1 6927
1 24790
1 5273
1 5018
1 14618
1 16557
1 13588
1 20517
1 3646
1 2531
1 4902
1 2055
1 25133
1 13791
1 2396
1 19248
1 13906
1 8628
1 8865
1 9289
1 16440
1 7017
1 17500
1 17487
1 18792
1 24105
1 2119
1 24941
1 25485
1 19630
1 2920
1 3672
1 4055
1 13961
1 25568
1 25215
1 2136
1 21506
1 10625
1 6117
1 6284
1 19844
1 10672
1 21938
1 7118
1 6328
1 6751
1 2736
1 4873
1 9641
1 17358
1 15337
1 24085
1 13317
1 8576
1 8572
1 24744
1 22024
1 10272
1 25217
1 5197
1 4367
1 5891
1 18055
1 10741
1 5649
1 718
1 17487
1 18106
1 13331
1 16642
1 12527
1 22467
1 6227
1 18320
1 18541
1 9736
1 2865
1 16777
1 19844
1 17710
1 12836
1 6886
1 7291
1 17340
1 14683
1 2942
1 16793
1 7257
1 14037
1 21368
1 23058
1 23290
1 17866
1 4599
1 4936
1 16333
1 23957
1 13671
1 5982
1 21637
1 1542
1 13599
1 10761
1 18363
1 5891
1 15857
1 17505
1 1731
1 13346
1 24858
1 14499
1 3821
1 17487
1 20600
1 3335
1 20915
1 14348
1 15650
1 16203
1 7701
1 20225
1 22455
1 15796
1 523
1 19345
1 11844
1 21890
1 8325
1 25933
1 20493
1 3665
1 14237
1 12993
1 20202
1 14139
1 24860
1 18524
1 382
1 16125
1 16402
1 12922
1 5892
1 22554
1 9347
1 3438
1 506
1 12099
1 6174
1 24754
1 18033
1 19040
1 9346
1 15716
1 20169
1 10346
1 14335
1 10168
1 13489
1 15949
1 11438
1 11445
1 12738
1 9535
1 14842
1 8974
1 25873
1 9160
1 11620
1 19633
1 11503
1 15053
1 20884
1 13599
1 2762
1 4709
1 23264
1 1468
1 24155
1 14189
1 6116
1 23405
1 25001
1 22516
1 11158
1 15297
1 6167
1 4447
1 17396
1 24431
1 13599
1 9856
1 12629
1 2386
1 14002
1 10107
1 6942
1 3697
1 18033
1 24356
1 17282
1 21711
1 23292
1 21023
1 7542
1 19067
1 22503
1 11243
1 22889
1 7243
1 12694
1 714
1 16661
1 20417
1 715
1 11787
1 13196
1 390
1 5720
1 22120
1 265
1 16260
1 8302
1 11008
1 22354
1 9335
1 6167
1 5103
1 25083
1 5510
1 13054
1 11004
1 8726
1 1511
1 22827
1 10779
1 25318
1 11955
1 5071
1 22101
1 2173
1 16860
1 17007
1 24553
1 3609
1 2936
1 15228
1 13431
1 11577
1 9547
1 12219
1 17546
1 22889
1 12550
1 485
1 25243
1 20654
1 18253
1 2773
1 15519
1 12669
1 11577
1 20876
1 14595
1 16192
1 2825
1 13607
1 23802
1 21827
1 1654
1 9431
1 19633
1 10005
1 13451
1 767
1 11236
1 19111
1 4550
1 22707
1 4387
1 5424
1 7845
1 19959
1 4257
1 11718
1 13711
1 6982
1 6191
1 7360
1 7858
1 24384
1 9613
1 9469
1 23904
1 16557
1 1121
1 6988
1 16524
1 6115
1 23393
1 10460
1 14931
1 4760
1 3365
1 24904
1 25555
1 10368
1 13680
1 14287
1 9700
1 9856
1 7362
1 18291
1 1298
1 15060
1 22285
1 6923
1 23995
1 3612
1 5297
1 21061
1 1704
1 23345
1 21612
1 14625
1 8257
1 3030
1 16042
1 8929
1 21950
1 10717
1 12872
1 14606
1 18630
1 362
1 14676
1 25258
1 25103
1 3592
1 19248
1 21999
1 12869
1 20202
1 4706
1 14837
1 7388
1 19274
1 1888
1 546
1 21471
1 24798
1 18518
1 12219
1 19817
1 6385
1 13135
1 11844
1 11588
1 27
1 2762
1 11237
1 23358
1 4710
1 12453
1 13210
1 22516
1 17683
1 222
1 8628
1 1888
1 14745
1 11162
1 24356
1 17986
1 21826
1 18507
1 15972
1 4783
1 5331
1 7180
1 21353
1 18574
1 19754
1 7031
1 3839
1 13700
1 12357
1 25418
1 18247
1 17037
1 25265
1 18146
1 18260
1 24116
1 12035
1 10351
1 18179
1 6059
1 22309
1 13523
1 20394
1 8535
1 3241
1 22379
1 25443
1 3658
1 3905
1 25873
1 14415
1 4622
1 17800
1 13341
1 3131
1 5513
1 19345
1 17819
1 15536
1 21131
1 21104
1 21538
1 20490
1 10047
1 19633
1 14428
1 25225
1 1212
1 22616
1 17255
1 23566
1 23778
1 1710
1 19681
1 24417
1 23791
1 7826
1 24615
1 21894
1 2121
1 7008
1 7669
1 14207
1 7643
1 19170
1 18669
1 22614
1 13879
1 6715
1 17848
1 7720
1 2643
1 17487
1 11204
1 8852
1 18737
1 16771
1 11831
1 24142
1 17156
1 21685
1 11324
1 15111
1 1384
1 16914
1 25241
1 22889
1 3905
1 16424
1 15916
1 21823
1 25744
1 21728
1 14395
1 18914
1 12841
1 4028
1 24128
1 6239
1 16583
1 23207
1 13467
1 25375
1 5089
1 16627
1 22282
1 12007
1 15210
1 3680
1 20403
1 24839
1 12071
1 16990
1 11582
1 8628
1 3246
1 12447
1 22871
1 9222
1 18818
1 22522
1 15833
1 23641
1 11585
1 18882
1 3113
1 7855
1 14227
1 4080
1 9721
1 22578
1 3825
1 3909
1 417
1 25562
1 22422
1 16846
1 8141
1 15228
1 15269
1 17487
1 2719
1 7652
1 20783
1 1905
1 15861
1 13719
1 10001
1 21217
1 15615
1 17782
1 6395
1 7584
1 14886
1 1922
1 20661
1 1823
1 14248
1 22453
1 1010
1 3690
1 20112
1 23819
1 24142
1 14168
1 53
1 18669
1 22889
1 4778
1 24425
1 6447
1 23260
1 19076
1 1825
1 17293
1 6725
1 3264
1 19608
1 1638
1 23419
1 2936
1 19388
1 25015
1 227
1 6510
1 8225
1 3084
1 8568
1 16251
1 9751
1 11194
1 21013
1 6774
1 11154
1 5868
1 8027
1 18571
1 21258
1 5488
1 11707
1 8865
1 1764
1 13263
1 14681
1 19366
1 22889
1 24997
1 19630
1 6188
1 3047
1 23189
1 2423
1 9430
1 17267
1 17487
1 12614
1 8143
1 16623
1 1250
1 21647
1 12741
1 1168
1 4805
1 18518
1 10431
1 17203
1 20446
1 10224
1 5624
1 13809
1 18594
1 19865
1 17635
1 8536
1 13992
1 11314
1 8796
1 18698
1 8484
1 24559
1 15670
1 3949
1 21797
1 510
1 20230
1 19495
1 18954
1 10867
1 22889
1 25181
1 4183
1 10485
1 25345
1 3265
1 6640
1 8998
1 16956
1 6914
1 18110
1 6860
1 7364
1 6261
1 10010
1 4619
1 16643
1 22516
1 3907
1 6547
1 1945
1 6719
1 9970
1 322
1 21086
1 14086
1 15184
1 2671
1 4634
1 23948
1 10863
1 14227
1 32
1 5196
1 1429
1 21635
1 9659
1 14904
1 13198
1 11095
1 9101
1 19590
1 16730
1 22995
1 356
1 1568
1 23343
1 13160
1 14566
1 12729
1 1414
1 2581
1 12112
1 18609
1 19744
1 22867
1 9360
1 10436
1 7482
1 17040
1 5399
1 4087
1 20577
1 7091
1 8141
1 24377
1 16408
1 4291
1 12620
1 10779
1 7685
1 10027
1 21351
1 19563
1 8697
1 22346
1 6181
1 10942
1 6379
1 14678
1 23215
1 1012
1 22670
1 9908
1 3024
1 12607
1 12394
1 2177
1 25641
1 16945
1 25317
1 17105
1 23242
1 11732
1 942
1 14074
1 18812
1 13277
1 3866
1 14320
1 851
1 11010
1 17674
1 13578
1 11314
1 11296
1 22566
1 193
1 15829
1 9762
1 12458
1 23451
1 22734
1 18876
1 20542
1 3708
1 19066
1 3553
1 7201
1 17804
1 1012
1 10501
1 2348
1 21490
1 16059
1 10169
1 15615
1 20912
1 18976
1 4095
1 8961
1 25040
1 12541
1 21905
1 14094
1 1414
1 5282
1 2568
1 11358
1 13385
1 3124
1 567
1 23697
1 13299
1 3882
1 23978
1 8765
1 7653
1 4545
1 1393
1 6707
1 13619
1 23933
1 3505
1 16719
1 2642
1 24985
1 19752
1 3404
1 20012
1 14461
1 25827
1 21704
1 24090
1 18055
1 400
1 10622
1 16880
1 5322
1 9526
1 19223
1 3794
1 18925
1 13915
1 17487
1 9252
1 10036
1 9662
1 22178
1 25691
1 19891
1 10947
1 17536
1 13494
1 19618
1 3898
1 18885
1 21571
1 11543
1 17742
1 3161
1 4901
1 7444
1 4741
1 18267
1 4951
1 21765
1 18867
1 21112
1 18532
1 21517
1 2478
1 24456
1 1752
1 97
1 22388
1 7120
1 21429
1 24973
1 20362
1 12977
1 16706
1 9357
1 14775
1 7892
1 24554
1 15290
1 7776
1 13417
1 9567
1 13232
1 22818
1 2431
1 2527
1 10886
1 10611
1 22849
1 1339
1 22235
1 16351
1 12602
1 25012
1 20900
1 8642
1 17148
1 4059
1 17891
1 16302
1 3777
1 6318
1 4754
1 16168
1 96
1 25863
1 12025
1 21710
1 3413
1 17036
1 25031
1 17348
1 14068
1 631
1 13776
1 4869
1 8055
1 4626
1 4805
1 4560
1 6092
1 22123
1 18194
1 20162
1 25247
1 6076
1 11995
1 8463
1 21001
1 15229
1 9911
1 14249
1 4108
1 19618
1 6570
1 2137
1 17549
1 904
1 17961
1 25487
1 16189
1 25268
1 2594
1 20936
1 2658
1 6659
1 19568
1 15576
1 8628
1 19052
1 20358
1 17229
1 18931
1 23362
1 444
1 19624
1 9222
1 10759
1 16584
1 13747
1 3417
1 22516
1 16713
1 23528
1 23649
1 21513
1 21212
1 16738
1 3135
1 18532
1 9204
1 9222
1 11334
1 16440
1 3053
1 16771
1 3436
1 4280
1 2658
1 18122
1 14573
1 22889
1 6911
1 23023
1 17034
1 18266
1 11257
1 10846
1 13036
1 7835
1 15653
1 2835
1 3060
1 12249
1 16988
1 24761
1 25854
1 23640
1 14346
1 17611
1 1022
1 5788
1 21801
1 17968
1 20823
1 20660
1 17487
1 10117
1 1235
1 1506
1 21591
1 11920
1 5449
1 4489
1 3248
1 24437
1 15407
1 19590
1 6916
1 12541
1 21183
1 10996
1 25123
1 3686
1 18498
1 21419
1 15021
1 19125
1 9222
1 183
1 24519
1 20783
1 16694
1 3609
1 9222
1 6654
1 14483
1 18740
1 16424
1 2024
1 6952
1 24243
1 13202
1 10961
1 9215
1 1655
1 3844
1 25410
1 5240
1 16319
1 15984
1 9079
1 20
1 5986
1 17329
1 788
1 19746
1 23686
1 16482
1 13660
1 12017
1 11022
1 1302
1 15879
1 5497
1 15325
1 21196
1 23300
1 25493
1 8982
1 13302
1 9933
1 23423
1 8686
1 1458
1 3131
1 9867
1 13467
1 11024
1 3265
1 20951
1 1097
1 6745
1 4133
1 15542
1 16395
1 19427
1 23563
1 25485
1 3066
1 4754
1 3656
1 17848
1 6485
1 22695
1 12727
1 18160
1 22193
1 10681
1 11278
1 18519
1 8918
1 2030
1 9222
1 16694
1 2457
1 15686
1 22187
1 1121
1 15447
1 14250
1 25459
1 18749
1 21285
1 24931
1 17275
1 7428
1 8923
1 12872
1 12288
1 2274
1 25911
1 13926
1 22350
1 11832
1 19552
1 13215
1 5286
1 6774
1 22191
1 4664
1 16244
1 21747
1 6141
1 12189
1 16179
1 8083
1 1500
1 17500
1 5038
1 18950
1 14011
1 3566
1 14836
1 9794
1 9176
1 5582
1 12654
1 15825
1 25215
1 24959
1 14347
1 10513
1 16254
1 10143
1 17856
1 9859
1 17857
1 51
1 13020
1 18923
1 10990
1 10432
1 941
1 16260
1 16333
1 22353
1 2627
1 25184
1 8869
1 2465
1 22014
1 7351
1 10950
1 14088
1 25873
1 15296
1 9571
1 24278
1 23607
1 13021
1 746
1 18821
1 3264
1 1314
1 4055
1 18877
1 21662
1 15833
1 20638
1 24501
1 13042
1 21379
1 4610
1 22479
1 17738
1 11175
1 11827
1 19480
1 2009
1 24602
1 11712
1 470
1 2146
1 20182
1 6092
1 22338
1 25214
1 8648
1 4134
1 17924
1 20013
1 20214
1 25218
1 19387
1 9486
1 9005
1 11761
1 10046
1 581
1 4536
1 24316
1 1423
1 19156
1 11936
1 22318
1 25096
1 4389
1 1082
1 14278
1 24170
1 12855
1 11162
1 9350
1 23832
1 5297
1 11248
1 4472
1 15796
1 23175
1 18787
1 7794
1 15711
1 17997
1 15453
1 24142
1 6760
1 10840
1 5363
1 17431
1 12660
1 2401
1 24401
1 16562
1 14416
1 2248
1 10710
1 968
1 13389
1 22003
1 6255
1 9327
1 6393
1 24907
1 18766
1 22449
1 8353
1 13520
1 24032
1 17650
1 21012
1 20593
1 5649
1 1986
1 16007
1 5808
1 16433
1 1337
1 18766
1 15094
1 16252
1 25481
1 21881
1 22774
1 15143
1 19092
1 22133
1 23234
1 14975
1 22889
1 10623
1 25873
1 24142
1 23200
1 12983
1 25330
1 3403
1 315
1 5584
1 15395
1 25664
1 9954
1 25673
1 21915
1 856
1 6721
1 16413
1 18788
1 20076
1 17848
1 25418
1 2508
1 25873
1 865
1 15500
1 19198
1 21939
1 24764
1 4688
1 19980
1 9177
1 20710
1 2219
1 13129
1 3394
1 13713
1 21555
1 22159
1 20483
1 11679
1 9511
1 14036
1 10317
1 5213
1 15137
1 7381
1 18845
1 25469
1 2301
1 13570
1 17674
1 16326
1 13390
1 14937
1 3828
1 2422
1 10683
1 20823
1 9408
1 15984
1 11166
1 13539
1 16199
1 18640
1 21689
1 20242
1 20070
1 2864
1 10546
1 20440
1 11919
1 17184
1 17571
1 4444
1 11819
1 15833
1 23609
1 2570
1 7645
1 23313
1 25707
1 13578
1 21131
1 24956
1 5788
1 15198
1 12392
1 7320
1 12301
1 16522
1 16793
1 11977
1 6045
1 1193
1 17584
1 12099
1 21698
1 5925
1 25347
1 19555
1 7120
1 15638
1 15649
1 5176
1 13786
1 19363
1 12647
1 12098
1 18139
1 13765
1 7152
1 12874
1 4534
1 21170
1 5665
1 6312
1 3907
1 2922
1 22108
1 17542
1 17977
1 21508
1 16529
1 15094
1 22889
1 22662
1 14748
1 9252
1 5450
1 4828
1 2248
1 506
1 5215
1 6106
1 17593
1 6083
1 17592
1 18328
1 12100
1 23570
1 14502
1 10732
1 9859
1 1944
1 6933
1 13292
1 19432
1 4074
1 6580
1 17775
1 19470
1 22204
1 9599
1 5491
1 9894
1 876
1 11136
1 14252
1 13321
1 7285
1 21076
1 3907
1 20015
1 6536
1 12050
1 8534
1 16036
1 6749
1 19486
1 13922
1 1414
1 24611
1 13292
1 800
1 13604
1 22735
1 5129
1 2313
1 8825
1 8850
1 5766
1 21710
1 6243
1 1474
1 13347
1 11530
1 2445
1 21906
1 337
1 9197
1 11822
1 8700
1 5412
1 1046
1 25057
1 2131
1 12845
1 22233
1 25940
1 13599
1 1518
1 24773
1 25834
1 13599
1 6705
1 13272
1 21827
1 25707
1 5078
1 8382
1 13226
1 13221
1 10627
1 903
1 1453
1 18524
1 22453
1 24681
1 18184
1 18757
1 4788
1 10950
1 10669
1 18529
1 16108
1 13129
1 4493
1 4710
1 13599
1 9884
1 16125
1 21303
1 17819
1 2671
1 22114
1 14306
1 9567
1 8166
1 11318
1 1161
1 14461
1 24142
1 4785
1 6226
1 24744
1 20823
1 20472
1 20857
1 13370
1 17062
1 18939
1 16846
1 14214
1 21245
1 25181
1 17449
1 1695
1 22022
1 15791
1 20430
1 5676
1 21513
1 2638
1 25664
1 501
1 14498
1 18477
1 16021
1 15137
1 16960
1 6895
1 16125
1 11745
1 4708
1 18282
1 19273
1 6010
1 24553
1 16975
1 23698
1 12250
1 12025
1 97
1 10955
1 13103
1 19800
1 20694
1 2738
1 1486
1 3016
1 7698
1 14227
1 25802
1 25053
1 20810
1 16389
1 14852
1 19865
1 18977
1 9881
1 15289
1 24782
1 4200
1 2204
1 24446
1 15296
1 4660
1 11915
1 22692
1 7309
1 16900
1 10436
1 13599
1 17487
1 519
1 7242
1 12896
1 23209
1 18592
1 25643
1 20848
1 11718
1 23497
1 6929
1 12023
1 22925
1 23741
1 9634
1 21664
1 11022
1 24509
1 19889
1 9007
1 17895
1 6916
1 17862
1 17810
1 3911
1 4019
1 16416
1 21797
1 23764
1 1839
1 1905
1 12841
1 13243
1 1416
1 17487
1 10994
1 1203
1 8503
1 14671
1 8628
1 14468
1 11480
1 7404
1 4926
1 11142
1 16421
1 1888
1 9358
1 8544
1 1888
1 10942
1 9285
1 523
1 13421
1 24592
1 8419
1 10669
1 10951
1 16496
1 13626
1 6254
1 6210
1 10018
1 5757
1 21089
1 3188
1 21803
1 5273
1 273
1 3386
1 22321
1 11440
1 23486
1 10670
1 16663
1 10335
1 21176
1 255
1 17840
1 20786
1 18985
1 3993
1 22119
1 10481
1 24749
1 15027
1 13920
1 15719
1 25712
1 770
1 25036
1 16914
1 19330
1 8681
1 15407
1 2847
1 8257
1 20294
1 19889
1 17793
1 20301
1 14494
1 12387
1 1940
1 19633
1 19856
1 835
1 19212
1 7327
1 13011
1 14506
1 12052
1 4871
1 14174
1 18226
1 19235
1 17679
1 5165
1 17248
1 11561
1 23391
1 23383
1 18344
1 22455
1 7588
1 17907
1 24321
1 19297
1 21430
1 25168
1 24882
1 23313
1 6774
1 23804
1 10204
1 17224
1 11791
1 138
1 8070
1 23710
1 24850
1 12093
1 24191
1 19590
1 14903
1 21916
1 5903
1 14872
1 11465
1 6545
1 10304
1 15382
1 25911
1 4157
1 17216
1 3295
1 3405
1 21486
1 24989
1 3716
1 849
1 11745
1 18295
1 12266
1 4442
1 2056
1 17682
1 19865
1 16566
1 13869
1 192
1 24562
1 16419
1 20220
1 1250
1 5095
1 13339
1 4139
1 21328
1 22233
1 16018
1 7534
1 2731
1 13799
1 9778
1 17487
1 227
1 4353
1 10469
1 10568
1 16694
1 16876
1 25103
1 17907
1 152
1 5449
1 12640
1 827
1 12384
1 7874
1 21647
1 10809
1 21478
1 24709
1 25476
1 20082
1 1790
1 13389
1 8624
1 2183
1 15280
1 17106
1 9865
1 17473
1 23990
1 8114
1 21898
1 20738
1 13830
1 13223
1 12553
1 16032
1 14552
1 16854
1 10289
1 2248
1 24078
1 4936
1 9537
1 20351
1 16387
1 15069
1 13389
1 4628
1 2616
1 6198
1 7120
1 7587
1 7364
1 5998
1 11330
1 21428
1 25664
1 6305
1 20593
1 6451
1 10117
1 3205
1 756
1 3228
1 5129
1 15347
1 21479
1 15889
1 25211
1 5425
1 24764
1 14638
1 3458
1 1256
1 17582
1 15873
1 3123
1 7826
1 2005
1 15705
1 20162
1 4220
1 22189
1 12552
1 8455
1 20147
1 22527
1 11735
1 20733
1 11995
1 19486
1 793
1 11322
1 25708
1 18486
1 8292
1 4754
1 8080
1 22892
1 9510
1 9303
1 12514
1 4404
1 17107
1 18532
1 7791
1 5152
1 14334
1 16470
1 24035
1 2129
1 23055
1 13120
1 19086
1 24825
1 8113
1 10293
1 370
1 3370
1 3405
1 2044
1 20202
1 21010
1 18630
1 23672
1 17764
1 18778
1 24983
1 18896
1 18116
1 8334
1 6918
1 22889
1 18446
1 24301
1 3992
1 19592
1 20996
1 17699
1 8888
1 23214
1 21963
1 17730
1 14760
1 15228
1 3897
1 5369
1 20016
1 16752
1 138
1 1542
1 19792
1 10038
1 15064
1 8576
1 21086
1 14062
1 257
1 20474
1 24513
1 2493
1 2674
1 455
1 3386
1 17895
1 2316
1 19723
1 14628
1 11257
1 11998
1 4814
1 16002
1 4645
1 20497
1 21459
1 17487
1 11954
1 23229
1 1825
1 7764
1 1196
1 15477
1 21787
1 2059
1 5732
1 4296
1 6592
1 2772
1 14622
1 1003
1 11402
1 2571
1 21147
1 2293
1 23711
1 23832
1 22586
1 8292
1 15434
1 4448
1 9759
1 23125
1 3476
1 10132
1 22790
1 13234
1 20796
1 23032
1 16413
1 5993
1 19865
1 5693
1 2886
1 22028
1 13464
1 8417
1 13585
1 21100
1 2387
1 10218
1 9031
1 20044
1 16169
1 13044
1 11211
1 4677
1 10156
1 4977
1 24088
1 6711
1 16175
1 384
1 14595
1 24381
1 1741
1 2248
1 5533
1 20727
1 5708
1 22226
1 20840
1 2205
1 20212
1 14669
1 4428
1 1156
1 20403
1 4014
1 13946
1 19590
1 8295
1 16021
1 23776
1 17130
1 288
1 21801
1 20076
1 21626
1 25097
1 4275
1 25825
1 16278
1 8211
1 25424
1 2908
1 17337
1 1388
1 6046
1 8257
1 17736
1 7860
1 11265
1 9943
1 7820
1 17906
1 11616
1 9069
1 9378
1 10862
1 9786
1 2212
1 5440
1 8263
1 15628
1 18630
1 13858
1 2195
1 10101
1 14763
1 19360
1 15699
1 13980
1 21321
1 9576
1 17672
1 10332
1 5912
1 10324
1 16599
1 16208
1 2316
1 20894
1 6113
1 8317
1 24142
1 2758
1 16242
1 25222
1 6007
1 5165
1 8038
1 15693
1 7612
1 1360
1 9431
1 9947
1 24239
1 17941
1 11008
1 22889
1 22889
1 24111
1 25494
1 51
1 503
1 23536
1 19092
1 14180
1 12485
1 9708
1 25030
1 18160
1 15143
1 17705
1 24870
1 8801
1 1506
1 8440
1 21484
1 138
1 3131
1 18634
1 25096
1 10107
1 23577
1 4080
1 24644
1 21683
1 14127
1 8382
1 16737
1 1847
1 9109
1 20884
1 21183
1 18257
1 3639
1 23540
1 24964
1 17615
1 23337
1 19659
1 16186
1 13292
1 2102
1 7140
1 5783
1 24074
1 18440
1 4261
1 9819
1 5993
1 684
1 715
1 2571
1 6033
1 267
1 24764
1 25529
1 16986
1 3469
1 16491
1 7416
1 17216
1 18266
1 364
1 7732
1 22889
1 5946
1 16436
1 2248
1 14011
1 11216
1 12607
1 8648
1 12652
1 8243
1 5950
1 1823
1 25545
1 3281
1 14922
1 14435
1 24431
1 9558
1 3131
1 5717
1 831
1 2310
1 14498
1 3907
1 25873
1 3910
1 1527
1 25126
1 22685
1 23395
1 11306
1 5259
1 22769
1 5267
1 19133
1 23984
1 12202
1 11877
1 8365
1 10847
1 20247
1 434
1 5712
1 2759
1 17136
1 17252
1 18744
1 19865
1 14156
1 2777
1 10675
1 6577
1 10117
1 21637
1 3933
1 5170
1 22962
1 1421
1 13599
1 20148
1 16391
1 18440
1 14508
1 16822
1 1425
1 20833
1 23947
1 19590
1 12141
1 10208
1 4867
1 18856
1 24460
1 2980
1 22702
1 15668
1 13599
1 22514
1 8576
1 24639
1 8639
1 7731
1 586
1 5113
1 22657
1 20100
1 16311
1 10003
1 12806
1 5982
1 18939
1 13326
1 16992
1 16734
1 8628
1 13833
1 23621
1 24672
1 13090
1 16408
1 11005
1 14177
1 17689
1 6201
1 6038
1 25379
1 18543
1 10942
1 2332
1 13855
1 14681
1 9770
1 23393
1 23941
1 1586
1 2972
1 7584
1 2642
1 22155
1 16582
1 20118
1 11995
1 24035
1 20399
1 850
1 5601
1 24656
1 14108
1 4545
1 16991
1 10704
1 15128
1 4545
1 5273
1 4936
1 11673
1 25933
1 20739
1 17047
1 21637
1 21781
1 2671
1 15143
1 14108
1 23374
1 22854
1 15066
1 21828
1 14746
1 8707
1 22271
1 18440
1 2533
1 9171
1 120
1 19458
1 16583
1 7459
1 23871
1 10721
1 11718
1 11801
1 15949
1 11647
1 3958
1 19939
1 5337
1 2513
1 5582
1 6498
1 15966
1 19533
1 1479
1 1610
1 9972
1 1284
1 7636
1 22868
1 10011
1 8865
1 18420
1 9222
1 5776
1 14519
1 17248
1 5248
1 15281
1 560
1 2808
1 2581
1 4887
1 25191
1 25826
1 11021
1 7341
1 11021
1 19413
1 9222
1 9208
1 22253
1 11679
1 4849
1 18813
1 10674
1 1024
1 16793
1 3016
1 21239
1 12749
1 18859
1 17252
1 8924
1 1000
1 17523
1 7179
1 14365
1 23952
1 4754
1 25672
1 15223
1 10791
1 9042
1 6605
1 25345
1 11817
1 11780
1 25854
1 3690
1 9224
1 820
1 1053
1 23242
1 10990
1 5223
1 24751
1 5671
1 15137
1 3343
1 8547
1 2581
1 11521
1 18876
1 10207
1 11773
1 5540
1 10089
1 1516
1 21826
1 10715
1 2066
1 23055
1 17549
1 7225
1 17047
1 13303
1 19555
1 18150
1 23836
1 21747
1 6477
1 13599
1 24253
1 9853
1 1442
1 16408
1 24219
1 25947
1 17693
1 7758
1 265
1 22388
1 17517
1 1634
1 20465
1 19706
1 6753
1 21486
1 3667
1 1304
1 9109
1 15791
1 8205
1 9481
1 14748
1 5334
1 8023
1 13386
1 8037
1 17932
1 19928
1 25418
1 16833
1 22285
1 16254
1 6092
1 19525
1 749
1 6270
1 4710
1 19360
1 25680
1 19985
1 25552
1 11746
1 17487
1 14057
1 24501
1 25964
1 16408
1 2478
1 10011
1 7606
1 10254
1 21710
1 3599
1 2847
1 6700
1 24431
1 9756
1 20848
1 24606
1 2942
1 24909
1 6475
1 27
1 3010
1 16482
1 23356
1 24501
1 5196
1 3025
1 1413
1 12099
1 14738
1 19254
1 18989
1 19754
1 3696
1 9981
1 2320
1 19808
1 17348
1 11440
1 23641
1 5760
1 4899
1 86
1 3678
1 8399
1 18134
1 16283
1 5273
1 11902
1 10069
1 10263
1 21667
1 20350
1 16500
1 15242
1 23944
1 15615
1 747
1 10074
1 8520
1 9571
1 12026
1 13603
1 17487
1 22051
1 1423
1 16694
1 11552
1 17487
1 18520
1 9571
1 25450
1 11429
1 15069
1 8975
1 7183
1 16557
1 1905
1 21093
1 9479
1 15453
1 16833
1 20307
1 8419
1 23559
1 5994
1 17410
1 715
1 8942
1 8877
1 3433
1 19984
1 14205
1 18922
1 18532
1 25012
1 2392
1 15568
1 3068
1 24878
1 900
1 2121
1 13278
1 16694
1 8257
1 12033
1 18571
1 11817
1 5538
1 19633
1 4520
1 15069
1 21601
1 23897
1 15677
1 18981
1 1954
1 23695
1 23249
1 11239
1 13538
1 1275
1 13467
1 10803
1 13904
1 3989
1 15054
1 19431
1 2674
1 5338
1 3267
1 15320
1 2769
1 3282
1 24784
1 1275
1 11503
1 15925
1 9141
1 19570
1 20248
1 23268
1 5223
1 6163
1 20468
1 10117
1 24716
1 5851
1 7489
1 24639
1 2316
1 9383
1 18919
1 24372
1 58
1 5129
1 13130
1 12100
1 21916
1 9809
1 14579
1 21500
1 22357
1 16432
1 15668
1 5338
1 22937
1 17216
1 11936
1 15245
1 6756
1 21930
1 17480
1 8865
1 16984
1 16949
1 3335
1 19959
1 20780
1 4987
1 25678
1 14483
1 21465
1 11272
1 1009
1 9426
1 25940
1 3623
1 21170
1 6226
1 14530
1 11022
1 3379
1 6539
1 15125
1 21170
1 18532
1 5604
1 7444
1 19519
1 2353
1 22502
1 8492
1 8217
1 4543
1 22118
1 23140
1 7328
1 19854
1 19365
1 25181
1 16557
1 21502
1 4196
1 21528
1 25652
1 20495
1 3183
1 12552
1 12098
1 8971
1 9571
1 19740
1 9576
1 16839
1 16203
1 9063
1 17867
1 5808
1 22891
1 13937
1 3989
1 627
1 18537
1 15339
1 11211
1 2719
1 21797
1 7074
1 8137
1 18374
1 8552
1 12596
1 11572
1 7584
1 21608
1 12512
1 24714
1 10034
1 5992
1 23760
1 5986
1 24533
1 1506
1 20001
1 17699
1 19657
1 16482
1 5959
1 16936
1 21681
1 2766
1 1274
1 11666
1 15791
1 16236
1 4453
1 13226
1 2629
1 24644
1 13523
1 22539
1 15779
1 6892
1 24025
1 18854
1 21465
1 19896
1 322
1 5834
1 21955
1 6175
1 18294
1 4970
1 5461
1 7020
1 14808
1 1926
1 807
1 22356
1 24872
1 21170
1 10324
1 24013
1 20810
1 7606
1 9065
1 21998
1 4962
1 16975
1 15615
1 7091
1 16021
1 21233
1 672
1 14333
1 13130
1 3354
1 18976
1 25709
1 21049
1 5520
1 1059
1 3445
1 17383
1 11471
1 25461
1 16175
1 19011
1 1694
1 8101
1 9222
1 13935
1 10019
1 24295
1 23760
1 21629
1 25292
1 24419
1 20357
1 5262
1 24884
1 16793
1 18639
1 20923
1 14259
1 784
1 20249
1 14108
1 14495
1 3918
1 8257
1 9600
1 23242
1 1709
1 25547
1 16846
1 3722
1 6541
1 5553
1 9792
1 11296
1 4483
1 17699
1 4214
1 23478
1 4939
1 12049
1 15069
1 16300
1 7183
1 21076
1 3433
1 3690
1 7776
1 18463
1 24910
1 16494
1 2005
1 5982
1 2728
1 25958
1 22526
1 24317
1 6276
1 3958
1 9906
1 4797
1 14249
1 23706
1 20099
1 22233
1 2791
1 23455
1 9282
1 19615
1 4115
1 6700
1 9331
1 24431
1 18639
1 3215
1 20043
1 7874
1 19977
1 19788
1 9462
1 16541
1 1022
1 11483
1 12552
1 17487
1 22790
1 19424
1 3803
1 17559
1 8933
1 3483
1 14914
1 25483
1 2248
1 24730
1 24142
1 13331
1 11994
1 25958
1 11161
1 23813
1 7842
1 3356
1 10254
1 8217
1 14415
1 13139
1 20238
1 22516
1 18532
1 21073
1 4974
1 21239
1 12621
1 8290
1 24456
1 15245
1 22340
1 17199
1 10513
1 25221
1 6916
1 1588
1 4290
1 14542
1 23924
1 14094
1 13130
1 4805
1 9599
1 4488
1 10832
1 5991
1 7309
1 9826
1 1814
1 12420
1 15167
1 12550
1 22276
1 16175
1 3100
1 23021
1 6136
1 10944
1 11029
1 20017
1 18328
1 9547
1 10397
1 1921
1 751
1 21510
1 17487
1 3885
1 12501
1 13926
1 6198
1 23598
1 22658
1 10689
1 25764
1 23617
1 7755
1 15888
1 21618
1 10876
1 4315
1 23925
1 4594
1 24592
1 2671
1 4854
1 20043
1 25903
1 19638
1 1367
1 21605
1 9495
1 15135
1 6413
1 24088
1 2729
1 23658
1 12691
1 7212
1 21438
1 17568
1 23039
1 419
1 21909
1 714
1 17113
1 11175
1 22697
1 14490
1 21959
1 13679
1 3000
1 12079
1 10351
1 16137
1 3731
1 11244
1 6045
1 10683
1 18352
1 8616
1 16072
1 14500
1 1813
1 10627
1 11660
1 23917
1 6205
1 12535
1 1954
1 12548
1 10324
1 14754
1 20490
1 6205
1 7066
1 19632
1 21831
1 18332
1 12552
1 13758
1 24142
1 860
1 15774
1 9682
1 8403
1 23081
1 21503
1 25685
1 12681
1 13710
1 1926
1 11394
1 18692
1 17071
1 1735
1 8200
1 23908
1 13229
1 849
1 11401
1 17569
1 19754
1 15137
1 7271
1 6667
1 15850
1 16914
1 3
1 25069
1 20495
1 25555
1 7969
1 52
1 10199
1 10942
1 14375
1 19944
1 3265
1 17487
1 12465
1 23313
1 8084
1 1918
1 2662
1 20242
1 22026
1 17437
1 10768
1 9509
1 14683
1 7282
1 17707
1 10627
1 6366
1 12518
1 2762
1 7105
1 8982
1 15149
1 18695
1 13013
1 6874
1 25821
1 4078
1 10742
1 23317
1 6175
1 21767
1 9198
1 9668
1 16344
1 5331
1 60
1 6322
1 250
1 11399
1 1393
1 19638
1 14696
1 23920
1 8576
1 23947
1 212
1 15890
1 17173
1 3855
1 23983
1 16921
1 12512
1 22242
1 13120
1 15605
1 13855
1 16583
1 17861
1 19687
1 23337
1 2558
1 941
1 22493
1 23957
1 23078
1 11907
1 25873
1 12236
1 10252
1 24190
1 13303
1 670
1 22952
1 16694
1 9563
1 9617
1 6753
1 14520
1 4275
1 22104
1 20258
1 16235
1 23849
1 9664
1 17036
1 6110
1 18867
1 11038
1 10213
1 24777
1 23836
1 23226
1 1244
1 4560
1 16363
1 14725
1 2248
1 2625
1 21130
1 5788
1 9357
1 10455
1 17856
1 11022
1 19506
1 15053
1 7657
1 1919
1 9072
1 17487
1 14225
1 20512
1 24302
1 8266
1 13599
1 12245
1 3754
1 15914
1 3898
1 16460
1 267
1 19007
1 16359
1 518
1 9607
1 24281
1 7578
1 6927
1 20564
1 24116
1 1888
1 17906
1 10946
1 21706
1 4936
1 24062
1 15710
1 9388
1 2539
1 3335
1 23806
1 17128
1 11530
1 10950
1 24605
1 21383
1 9826
1 23337
1 19092
1 19560
1 3871
1 8620
1 7553
1 22889
1 22516
1 3228
1 1025
1 9385
1 2144
1 24377
1 24142
1 24625
1 2653
1 10467
1 2002
1 11740
1 19671
1 6008
1 21464
1 23836
1 23498
1 22908
1 22388
1 14366
1 6226
1 23593
1 24431
1 9590
1 24888
1 5914
1 22601
1 22614
1 7079
1 11001
1 22867
1 21685
1 12506
1 14969
1 1386
1 18022
1 23879
1 25414
1 17646
1 5798
1 7827
1 16729
1 15714
1 19590
1 15339
1 5966
1 14700
1 2510
1 20710
1 25675
1 24100
1 3958
1 17510
1 18185
1 24321
1 6641
1 153
1 8331
1 21739
1 6129
1 10305
1 21352
1 16675
1 5830
1 16694
1 19109
1 1061
1 777
1 20133
1 13790
1 20823
1 24095
1 8248
1 8737
1 3437
1 22243
1 18547
1 19751
1 2696
1 20010
1 20008
1 25013
1 1641
1 11511
1 10657
1 16966
1 8398
1 921
1 8465
1 7493
1 3554
1 7291
1 9926
1 18583
1 11740
1 5804
1 7253
1 23337
1 17145
1 8367
1 21039
1 13016
1 14479
1 15138
1 15188
1 16175
1 5550
1 839
1 20569
1 5550
1 8261
1 23808
1 2106
1 18541
1 6017
1 12996
1 4839
1 15697
1 25706
1 5196
1 6706
1 1440
1 24554
1 14582
1 6797
1 16793
1 7421
1 6198
1 6011
1 5095
1 13578
1 3008
1 13808
1 12136
1 4415
1 20189
1 1299
1 13143
1 8859
1 12472
1 24377
1 21259
1 2548
1 15791
1 23095
1 3883
1 3301
1 12016
1 2932
1 2475
1 17229
1 3478
1 21519
1 849
1 10374
1 21675
1 16175
1 13467
1 12840
1 14928
1 15431
1 2390
1 11322
1 10605
1 8852
1 25805
1 17778
1 2492
1 13285
1 22676
1 25545
1 18767
1 21480
1 14154
1 49
1 24398
1 1197
1 4175
1 15536
1 25664
1 16215
1 9037
1 23507
1 4560
1 21425
1 8495
1 6561
1 4754
1 8341
1 22164
1 9578
1 1942
1 16474
1 19145
1 12918
1 500
1 12766
1 708
1 18766
1 3281
1 19555
1 22536
1 25096
1 19633
1 10467
1 23113
1 6097
1 22614
1 9716
1 97
1 2320
1 17487
1 5390
1 19734
1 17501
1 8576
1 680
1 1367
1 12079
1 2481
1 25870
1 4303
1 4268
1 12658
1 16806
1 18253
1 23695
1 15407
1 4995
1 1263
1 1970
1 3205
1 1547
1 3421
1 3566
1 7770
1 3262
1 5880
1 11370
1 25662
1 12982
1 18583
1 21181
1 3328
1 4662
1 20662
1 25014
1 23248
1 17081
1 20103
1 7803
1 15834
1 9827
1 25001
1 2182
1 5637
1 3850
1 12279
1 7855
1 2571
1 5240
1 16512
1 9576
1 23457
1 5876
1 14914
1 19297
1 671
1 19092
1 6106
1 7976
1 7086
1 16283
1 10006
1 9350
1 5595
1 9754
1 17959
1 18779
1 9445
1 9504
1 9976
1 10696
1 10984
1 3303
1 18141
1 1685
1 925
1 24792
1 6870
1 19487
1 16187
1 12791
1 22297
1 25399
1 16719
1 3042
1 24186
1 8247
1 16876
1 24564
1 17112
1 6042
1 3918
1 2216
1 17092
1 15949
1 22052
1 6024
1 5
1 24142
1 9222
1 15228
1 5191
1 12270
1 11314
1 5788
1 24455
1 9922
1 6282
1 15834
1 7062
1 16193
1 12841
1 8109
1 18099
1 11845
1 23717
1 13712
1 22889
1 11968
1 11601
1 10672
1 13379
1 21755
1 7598
1 12991
1 16923
1 9718
1 999
1 20734
1 13196
1 22094
1 9524
1 3213
1 13956
1 1659
1 16325
1 1469
1 9063
1 24456
1 14280
1 17239
1 20177
1 25597
1 2759
1 18440
1 13278
1 13147
1 15073
1 22148
1 20694
1 1414
1 12424
1 14864
1 12189
1 18176
1 14490
1 17229
1 5240
1 1054
1 10725
1 13842
1 18601
1 9222
1 14545
1 8742
1 20735
1 17881
1 9875
1 12025
1 24785
1 3882
1 53
1 18085
1 10011
1 9613
1 24669
1 21644
1 22854
1 5187
1 18032
1 16230
1 14754
1 12840
1 18968
1 19940
1 10942
1 7592
1 8434
1 138
1 5526
1 6676
1 9405
1 11179
1 20888
1 4694
1 3131
1 21672
1 9511
1 16033
1 10179
1 14524
1 8775
1 7706
1 2496
1 3557
1 16820
1 98
1 17710
1 18141
1 21564
1 12292
1 22932
1 20330
1 5715
1 12025
1 7922
1 16651
1 16248
1 14305
1 18635
1 15410
1 4087
1 23869
1 1893
1 5701
1 15407
1 22423
1 17849
1 9063
1 21999
1 18391
1 19450
1 15622
1 9163
1 17036
1 22119
1 9981
1 23945
1 16136
1 19914
1 326
1 25272
1 20248
1 20287
1 17137
1 2866
1 10027
1 17588
1 6071
1 5089
1 23954
1 18291
1 9275
1 10296
1 23997
1 16694
1 17934
1 533
1 13266
1 2320
1 17801
1 2233
1 24408
1 23365
1 22027
1 10122
1 1044
1 2002
1 16245
1 8840
1 15094
1 13505
1 12977
1 3135
1 14339
1 7214
1 16205
1 13775
1 25873
1 4394
1 17578
1 18771
1 22584
1 10675
1 16743
1 7794
1 22574
1 23674
1 16694
1 455
1 11158
1 7330
1 22695
1 17575
1 18334
1 2518
1 14099
1 2645
1 492
1 13118
1 13278
1 17036
1 13130
1 6683
1 10487
1 15287
1 2674
1 19588
1 1555
1 9466
1 5484
1 10565
1 13399
1 7816
1 10645
1 25604
1 2456
1 11230
1 23069
1 9222
1 23568
1 13478
1 1531
1 10524
1 20424
1 10276
1 1202
1 13948
1 11186
1 10251
1 23399
1 16721
1 18184
1 15403
1 11083
1 2237
1 2879
1 25087
1 6066
1 17850
1 17487
1 15637
1 6483
1 24700
1 20146
1 24142
1 22320
1 7880
1 718
1 15343
1 264
1 10966
1 3215
1 12221
1 6705
1 17860
1 8871
1 15915
1 9416
1 3612
1 22074
1 25194
1 6226
1 5955
1 19950
1 8182
1 16771
1 2347
1 20353
1 16059
1 1149
1 2754
1 6170
1 21189
1 3537
1 22939
1 25189
1 17188
1 10095
1 3704
1 19176
1 25374
1 12379
1 12079
1 17600
1 4637
1 22889
1 20788
1 15894
1 493
1 9357
1 277
1 3989
1 5882
1 17710
1 17561
1 11745
1 20538
1 21201
1 7324
1 236
1 5332
1 19910
1 17382
1 16234
1 9495
1 6127
1 20058
1 11051
1 21024
1 16801
1 1361
1 21005
1 25205
1 22083
1 7208
1 23506
1 16793
1 18532
1 19070
1 6009
1 19590
1 9495
1 18863
1 9778
1 2943
1 17887
1 18895
1 20133
1 20512
1 22854
1 6263
1 18524
1 17487
1 22218
1 17196
1 13881
1 14350
1 2674
1 1598
1 6412
1 23787
1 17745
1 3510
1 12614
1 13036
1 23456
1 7187
1 318
1 7535
1 6328
1 5426
1 6823
1 21063
1 7444
1 15334
1 23406
1 6705
1 17562
1 12119
1 19281
1 21142
1 16506
1 25905
1 13765
1 17788
1 22889
1 13817
1 13993
1 3409
1 2613
1 2248
1 18558
1 7861
1 7439
1 8257
1 13056
1 6472
1 1089
1 16730
1 5477
1 4992
1 19590
1 1974
1 19300
1 3281
1 715
1 18354
1 22119
1 15615
1 7029
1 10324
1 6888
1 916
1 16986
1 24363
1 5788
1 24884
1 24427
1 20416
1 3416
1 15343
1 5948
1 12772
1 12532
1 25418
1 9599
1 11574
1 14527
1 25028
1 24553
1 16599
1 193
1 14293
1 1990
1 12252
1 19470
1 1713
1 22022
1 4055
1 831
1 18237
1 21084
1 23641
1 2620
1 2248
1 10324
1 7021
1 10204
1 6774
1 21524
1 11164
1 12219
1 10515
1 2527
1 18353
1 25178
1 16473
1 215
1 22775
1 16193
1 14809
1 8331
1 24955
1 5582
1 9127
1 22145
1 6570
1 25134
1 10370
1 3687
1 8179
1 19013
1 13061
1 23410
1 1246
1 19511
1 14504
1 2964
1 2353
1 5723
1 17983
1 97
1 20680
1 20498
1 6845
1 17216
1 21804
1 3596
1 14688
1 12825
1 5777
1 14252
1 3008
1 20882
1 1213
1 4310
1 5808
1 10335
1 17090
1 13662
1 17474
1 13056
1 22243
1 20859
1 20852
1 193
1 18532
1 19818
1 23327
1 9119
1 5977
1 9093
1 12093
1 22881
1 19382
1 15914
1 21578
1 786
1 1046
1 400
1 17657
1 5659
1 16084
1 23185
1 22376
1 18117
1 15265
1 23102
1 19396
1 6660
1 6241
1 21156
1 4470
1 20048
1 2140
1 8798
1 3777
1 15284
1 23646
1 8143
1 14428
1 257
1 9222
1 2852
1 7499
1 18543
1 1370
1 15615
1 6205
1 24377
1 24879
1 12156
1 9262
1 9050
1 7180
1 4350
1 5734
1 22935
1 21170
1 4109
1 7372
1 24199
1 11154
1 17487
1 9222
1 22705
1 22479
1 10994
1 2440
1 5548
1 13208
1 1322
1 10117
1 13559
1 22878
1 9939
1 15104
1 5125
1 1211
1 14406
1 15319
1 9827
1 7421
1 13964
1 17145
1 13137
1 21720
1 25968
1 11022
1 9197
1 4419
1 14109
1 4743
1 24398
1 21212
1 15483
1 660
1 11574
1 15258
1 15078
1 13551
1 14684
1 17968
1 25864
1 6363
1 15140
1 5866
1 24240
1 23260
1 25476
1 16129
1 4493
1 4061
1 6029
1 8224
1 1882
1 9020
1 21855
1 8257
1 16015
1 16686
1 2397
1 23113
1 16727
1 20912
1 20614
1 15275
1 2111
1 17124
1 755
1 9704
1 9803
1 3871
1 21069
1 1487
1 19963
1 4975
1 25807
1 17146
1 24401
1 20148
1 317
1 15061
1 17108
1 9160
1 24028
1 20471
1 15540
1 12636
1 17689
1 8367
1 8285
1 16319
1 5788
1 10989
1 10471
1 12219
1 563
1 1975
1 20611
1 16719
1 9423
1 7820
1 18328
1 7732
1 3801
1 22982
1 7820
1 15564
1 17487
1 3078
1 11830
1 25485
1 25096
1 20695
1 22405
1 12886
1 16374
1 178
1 8210
1 6352
1 18054
1 5338
1 19136
1 7848
1 18305
1 20815
1 17382
1 2336
1 4896
1 4434
1 6984
1 17906
1 3752
1 24222
1 16728
1 23976
1 11041
1 16751
1 14681
1 9412
1 14093
1 24398
1 25847
1 4545
1 19818
1 19111
1 367
1 14855
1 3232
1 25746
1 15955
1 16557
1 24820
1 12231
1 17487
1 1304
1 24920
1 23252
1 23175
1 23294
1 15829
1 23127
1 16494
1 13667
1 6801
1 23439
1 6113
1 20138
1 10429
1 19590
1 12025
1 16694
1 71
1 25412
1 25432
1 19447
1 6116
1 20694
1 2472
1 24016
1 3298
1 23127
1 8397
1 14223
1 13870
1 1114
1 13599
1 10962
1 21959
1 7447
1 12625
1 10031
1 24622
1 6296
1 12247
1 398
1 15378
1 25217
1 15164
1 7537
1 18015
1 9023
1 19488
1 19590
1 15862
1 7561
1 1885
1 11825
1 25821
1 24128
1 3412
1 12289
1 9664
1 11237
1 21170
1 16951
1 14122
1 22603
1 16348
1 925
1 12155
1 21429
1 23499
1 23642
1 10546
1 4979
1 10386
1 2674
1 8922
1 8271
1 17406
1 25787
1 561
1 14842
1 3704
1 2571
1 27
1 13666
1 16079
1 25031
1 24456
1 3592
1 15125
1 2471
1 21672
1 19856
1 9274
1 10689
1 5381
1 9778
1 8924
1 5224
1 25418
1 23587
1 1462
1 1823
1 1716
1 9685
1 20450
1 17908
1 19017
1 16178
1 3129
1 15280
1 2176
1 25017
1 10921
1 24427
1 19659
1 3897
1 3352
1 13472
1 8166
1 15307
1 5214
1 18981
1 13809
1 14652
1 4950
1 20727
1 4911
1 24791
1 6071
1 1012
1 23764
1 21106
1 5282
1 5259
1 20269
1 12805
1 15069
1 4574
1 2357
1 13594
1 1736
1 25324
1 20307
1 12797
1 14590
1 2508
1 18342
1 16995
1 12923
1 18526
1 25881
1 21220
1 23813
1 16945
1 10424
1 8200
1 3726
1 24180
1 14669
1 265
1 20407
1 25929
1 11257
1 17376
1 2581
1 10918
1 22388
1 10779
1 12025
1 13938
1 2381
1 16950
1 4590
1 23776
1 10616
1 22567
1 13878
1 23540
1 2533
1 17924
1 15360
1 17710
1 10011
1 22277
1 14246
1 6282
1 5125
1 1480
1 22937
1 12897
1 21116
1 15615
1 9465
1 2781
1 21774
1 5245
1 7315
1 25970
1 949
1 20173
1 12007
1 1370
1 17634
1 15407
1 17036
1 15094
1 22349
1 16557
1 23732
1 11913
1 787
1 13717
1 24592
1 11248
1 11640
1 5043
1 19590
1 15129
1 7935
1 14339
1 13030
1 19679
1 18120
1 19792
1 13713
1 10671
1 2009
1 2571
1 25817
1 5430
1 322
1 6667
1 13992
1 13781
1 3987
1 5152
1 18212
1 20654
1 4058
1 13218
1 2219
1 24354
1 18896
1 3190
1 217
1 24025
1 8407
1 13722
1 11882
1 16413
1 19186
1 7126
1 22505
1 7208
1 18489
1 14592
1 5159
1 13677
1 8051
1 24589
1 16486
1 12079
1 24053
1 3819
1 13361
1 15854
1 92
1 25424
1 6697
1 21374
1 13637
1 579
1 8245
1 22501
1 21608
1 23608
1 18977
1 21360
1 18042
1 15407
1 12194
1 11897
1 10054
1 2219
1 5177
1 14951
1 4718
1 4023
1 2958
1 20337
1 22707
1 19014
1 4025
1 5440
1 1987
1 3224
1 23619
1 23254
1 11441
1 11104
1 13036
1 16719
1 12112
1 21073
1 24570
1 12619
1 3092
1 4620
1 20900
1 23628
1 11573
1 21777
1 17036
1 5999
1 18566
1 23985
1 3961
1 25043
1 24457
1 16298
1 13524
1 786
1 14341
1 24706
1 16134
1 1423
1 23321
1 13399
1 6916
1 4105
1 21663
1 77
1 1131
1 24008
1 19229
1 9518
1 16694
1 25009
1 25206
1 16280
1 16287
1 25873
1 11609
1 2815
1 10596
1 4419
1 10698
1 8567
1 8252
1 8663
1 1888
1 5129
1 355
1 1984
1 7444
1 22889
1 19501
1 22233
1 1641
1 25135
1 12988
1 10958
1 20791
1 22514
1 10885
1 8446
1 9483
1 8003
1 4358
1 10169
1 25485
1 2527
1 4223
1 24870
1 17477
1 8855
1 1888
1 7890
1 4086
1 11257
1 1691
1 10942
1 8755
1 22505
1 10268
1 13537
1 8207
1 13853
1 3295
1 22915
1 7163
1 10054
1 16694
1 13619
1 7419
1 13505
1 9045
1 15791
1 1164
1 23925
1 6365
1 3119
1 14180
1 4873
1 5609
1 16337
1 20043
1 10337
1 14419
1 12796
1 16422
1 16762
1 16411
1 10809
1 8257
1 8407
1 14842
1 4372
1 10510
1 25587
1 2660
1 6174
1 16388
1 19918
1 3546
1 24935
1 406
1 17487
1 4007
1 14297
1 9329
1 12897
1 10508
1 24427
1 8703
1 18374
1 9175
1 16727
1 14335
1 455
1 3764
1 25715
1 22546
1 22151
1 22951
1 21458
1 15773
1 15734
1 25103
1 12625
1 939
1 3704
1 16064
1 12614
1 8769
1 7382
1 7231
1 8257
1 9849
1 2248
1 2983
1 16169
1 4134
1 23242
1 15425
1 1936
1 8626
1 19879
1 25000
1 3398
1 23071
1 6790
1 25522
1 16807
1 17461
1 1131
1 18776
1 10051
1 22013
1 2671
1 10466
1 19304
1 25873
1 12283
1 1834
1 9642
1 16916
1 7209
1 6099
1 15918
1 9178
1 11007
1 13679
1 6226
1 20283
1 15137
1 22889
1 677
1 20563
1 13339
1 10584
1 10516
1 13784
1 25365
1 20728
1 21343
1 21073
1 10809
1 8038
1 5582
1 6011
1 7330
1 16512
1 10552
1 22199
1 11485
1 14669
1 22518
1 22119
1 24427
1 21395
1 20808
1 16651
1 1647
1 22213
1 15061
1 21507
1 12680
1 23313
1 11867
1 22396
1 5273
1 17003
1 19303
1 11193
1 22807
1 17561
1 5613
1 3446
1 12816
1 384
1 4394
1 5165
1 15681
1 1246
1 23336
1 21944
1 19869
1 3336
1 21564
1 8005
1 1126
1 3583
1 2247
1 5484
1 1463
1 9725
1 22818
1 18328
1 14740
1 12989
1 16771
1 10523
1 16793
1 9431
1 15619
1 17616
1 1707
1 22897
1 4394
1 3131
1 3037
1 13926
1 11604
1 19449
1 15908
1 23215
1 6205
1 5513
1 23419
1 6946
1 25044
1 24955
1 3898
1 18558
1 9381
1 11977
1 22711
1 24031
1 20787
1 7285
1 8189
1 9128
1 8865
1 860
1 12252
1 13303
1 13002
1 23942
1 25368
1 19914
1 12099
1 5014
1 15793
1 5079
1 18571
1 20253
1 4653
1 5221
1 14592
1 25165
1 17198
1 3356
1 14161
1 11068
1 4197
1 20064
1 15894
1 8173
1 13751
1 24169
1 17691
1 16658
1 962
1 8576
1 10754
1 17667
1 14819
1 2344
1 9394
1 13270
1 7010
1 8230
1 3757
1 19633
1 9495
1 25778
1 23299
1 24142
1 8971
1 5924
1 20418
1 17699
1 25043
1 23101
1 5259
1 12806
1 1016
1 25282
1 23154
1 14363
1 16846
1 5236
1 10823
1 22410
1 7108
1 1488
1 12736
1 22269
1 25225
1 22124
1 9643
1 3155
1 15024
1 1906
1 5582
1 6556
1 16496
1 6465
1 12096
1 16653
1 5891
1 24834
1 20011
1 13243
1 10950
1 12365
1 19633
1 20292
1 23405
1 2853
1 23174
1 5831
1 2991
1 291
1 22797
1 2475
1 4196
1 19360
1 17487
1 17886
1 134
1 10311
1 22063
1 1620
1 22239
1 13226
1 8912
1 7270
1 3865
1 10337
1 5932
1 23507
1 1227
1 1490
1 2592
1 13551
1 20960
1 7906
1 24790
1 11062
1 3328
1 7448
1 22963
1 16702
1 17105
1 21700
1 1492
1 13358
1 3390
1 13389
1 3386
1 3511
1 15807
1 17702
1 21356
1 14478
1 25873
1 2059
1 519
1 17710
1 5756
1 13786
1 10817
1 2336
1 12139
1 9261
1 18321
1 10950
1 24941
1 2643
1 21491
1 3163
1 22026
1 12607
1 6181
1 9357
1 15053
1 4177
1 9003
1 2527
1 4675
1 22233
1 11000
1 8710
1 20202
1 10382
1 19111
1 6071
1 19899
1 18328
1 561
1 2075
1 14447
1 3294
1 364
1 8331
1 14269
1 8870
1 2571
1 19242
1 4235
1 23242
1 16413
1 15479
1 21666
1 8331
1 13881
1 9379
1 5982
1 17108
1 12738
1 9222
1 16035
1 7080
1 9014
1 12892
1 23098
1 20519
1 23794
1 8576
1 9416
1 20498
1 13429
1 6066
1 5690
1 20276
1 7242
1 16117
1 5777
1 4101
1 1823
1 4691
1 22007
1 9571
1 13053
1 9981
1 11740
1 8206
1 13953
1 11860
1 2571
1 11415
1 3080
1 14220
1 2762
1 13075
1 9627
1 4021
1 12697
1 6127
1 16719
1 7955
1 4387
1 17788
1 16827
1 2729
1 16496
1 8035
1 15074
1 7296
1 18403
1 1302
1 17796
1 13787
1 5869
1 22221
1 20593
1 8299
1 15650
1 3929
1 18503
1 22134
1 2946
1 15043
1 25092
1 7365
1 10371
1 16351
1 16805
1 24651
1 2306
1 13643
1 25668
1 24938
1 19114
1 4030
1 16556
1 22516
1 24534
1 25300
1 18543
1 17326
1 5891
1 7216
1 10438
1 12552
1 20615
1 22804
1 25965
1 12747
1 17437
1 13599
1 24334
1 20097
1 3687
1 17267
1 6586
1 24867
1 13807
1 19076
1 6649
1 19049
1 7801
1 13789
1 16254
1 3898
1 8770
1 15392
1 3963
1 9222
1 5813
1 12598
1 17653
1 85
1 8013
1 25419
1 4839
1 4623
1 22575
1 3375
1 17274
1 9511
1 21037
1 1842
1 2581
1 16793
1 4507
1 5180
1 10760
1 6477
1 1761
1 2492
1 22119
1 20734
1 10143
1 2261
1 19786
1 4214
1 17319
1 19187
1 13290
1 38
1 10296
1 10500
1 10611
1 13467
1 25359
1 24019
1 4129
1 5422
1 5295
1 17196
1 7421
1 14396
1 21075
1 3833
1 23646
1 6146
1 17616
1 9249
1 14688
1 9903
1 25940
1 8819
1 8101
1 7250
1 15974
1 12091
1 24364
1 7905
1 21491
1 1736
1 8051
1 20712
1 390
1 11936
1 15186
1 21681
1 16936
1 22889
1 12169
1 13058
1 21887
1 18669
1 5646
1 4572
1 9535
1 8741
1 10061
1 18116
1 25838
1 22348
1 4028
1 14969
1 12079
1 5301
1 6217
1 19091
1 12458
1 15127
1 10942
1 2299
1 51
1 18876
1 5070
1 5788
1 13877
1 3131
1 13950
1 927
1 5397
1 24687
1 10616
1 23250
1 3260
1 12007
1 3331
1 11930
1 21508
1 6891
1 12474
1 9601
1 4906
1 18358
1 24144
1 25749
1 21860
1 7441
1 4489
1 5165
1 9511
1 16881
1 22437
1 19698
1 16951
1 11699
1 3418
1 9222
1 4422
1 2379
1 9913
1 18994
1 4754
1 21024
1 22569
1 4617
1 12096
1 3428
1 19332
1 20202
1 18737
1 11531
1 19833
1 2401
1 24791
1 4533
1 22220
1 19896
1 4010
1 12666
1 12250
1 7447
1 14495
1 11144
1 22609
1 22889
1 2185
1 14914
1 13776
1 25584
1 15120
1 6774
1 6781
1 20222
1 5773
1 16385
1 16966
1 1905
1 15453
1 16974
1 1076
1 16591
1 370
1 17275
1 20469
1 8188
1 21030
1 7178
1 12112
1 23643
1 23910
1 9285
1 15010
1 3679
1 17105
1 7224
1 13599
1 21707
1 13793
1 12679
1 18184
1 7120
1 21374
1 11907
1 19081
1 17674
1 6404
1 1465
1 8648
1 23781
1 18117
1 3901
1 1823
1 715
1 18033
1 21831
1 10669
1 21478
1 17036
1 6258
1 20884
1 23608
1 17622
1 22889
1 13975
1 19000
1 5285
1 2540
1 22390
1 13110
1 16951
1 6143
1 21170
1 17006
1 19257
1 3584
1 7758
1 19754
1 8547
1 3983
1 7087
1 8865
1 13472
1 21073
1 20173
1 14075
1 24478
1 24519
1 11618
1 7428
1 4839
1 329
1 265
1 14567
1 12642
1 21403
1 23480
1 20474
1 17295
1 19306
1 18252
1 21100
1 22816
1 12913
1 17842
1 17188
1 1897
1 4353
1 24585
1 4626
1 20823
1 17802
1 18319
1 17742
1 19873
1 21130
1 10069
1 3357
1 199
1 24530
1 14561
1 18194
1 8648
1 15407
1 19268
1 19139
1 15337
1 24669
1 13467
1 6389
1 2126
1 697
1 4989
1 15069
1 19844
1 24231
1 15729
1 15138
1 1275
1 2815
1 6071
1 14520
1 16234
1 567
1 5109
1 5200
1 20114
1 11093
1 10920
1 9251
1 21215
1 11385
1 15823
1 4651
1 1542
1 1592
1 15845
1 23186
1 1506
1 16008
1 8466
1 16973
1 14258
1 19567
1 20165
1 17924
1 14151
1 19545
1 2326
1 5069
1 3601
1 7083
1 6916
1 6700
1 9898
1 13858
1 1455
1 24561
1 4899
1 15968
1 11040
1 4979
1 2796
1 8237
1 20235
1 16203
1 4067
1 3234
1 21906
1 13331
1 18938
1 13040
1 21086
1 3117
1 18856
1 24431
1 1255
1 182
1 185
1 18925
1 2571
1 19014
1 21637
1 16694
1 15184
1 12046
1 6181
1 17940
1 24229
1 19490
1 716
1 7392
1 17487
1 4534
1 11169
1 21170
1 5788
1 6404
1 18499
1 18808
1 8199
1 17487
1 17487
1 19345
1 24116
1 24028
1 22992
1 13926
1 16020
1 10531
1 1020
1 22410
1 23291
1 17487
1 17487
1 12137
1 6282
1 6689
1 19809
1 25707
1 17733
1 8275
1 5977
1 13137
1 10895
1 1474
1 3201
1 17888
1 8687
1 16260
1 17239
1 24554
1 14044
1 3625
1 11093
1 12025
1 19449
1 22902
1 3118
1 22676
1 22629
1 25854
1 13257
1 12246
1 15202
1 16308
1 19590
1 8189
1 68
1 1475
1 21653
1 17487
1 13599
1 2728
1 2248
1 16079
1 516
1 8581
1 21356
1 9994
1 3735
1 11022
1 9495
1 7784
1 25011
1 2982
1 20246
1 684
1 14751
1 12842
1 3476
1 21187
1 15934
1 24824
1 21592
1 23405
1 8150
1 11759
1 25709
1 1244
1 15959
1 8299
1 22658
1 6983
1 8935
1 22936
1 2671
1 7995
1 1423
1 24512
1 5730
1 11154
1 10787
1 13599
1 12480
1 6151
1 2402
1 20571
1 20710
1 12387
1 23174
1 8707
1 18481
1 14108
1 5692
1 22191
1 10248
1 4936
1 5189
1 15788
1 2520
1 11393
1 3704
1 25292
1 8387
1 19016
1 15783
1 13016
1 13227
1 114
1 23114
1 5065
1 9952
1 25652
1 19017
1 5217
1 4196
1 21006
1 14942
1 23195
1 15564
1 17071
1 7955
1 5586
1 25309
1 20064
1 9508
1 5590
1 715
1 3582
1 17970
1 11279
1 10358
1 2753
1 23695
1 3386
1 19326
1 9510
1 1292
1 25873
1 2252
1 20859
1 9599
1 22727
1 23076
1 265
1 13706
1 24348
1 20817
1 24091
1 20706
1 9416
1 5788
1 2451
1 7245
1 3704
1 20688
1 3382
1 6945
1 11257
1 5331
1 8820
1 22518
1 4378
1 20680
1 16311
1 7718
1 5079
1 8377
1 16069
1 13328
1 22566
1 12749
1 9222
1 12955
1 5610
1 11637
1 3456
1 2083
1 10868
1 5173
1 2851
1 12236
1 904
1 1769
1 24377
1 6528
1 16970
1 2017
1 2795
1 10819
1 22003
1 11895
1 5773
1 24266
1 17658
1 25333
1 10011
1 9285
1 14261
1 4895
1 2531
1 13778
1 22750
1 21174
1 9050
1 7591
1 15574
1 5730
1 19880
1 11514
1 11867
1 10946
1 24724
1 355
1 4977
1 13977
1 16625
1 3440
1 6659
1 4581
1 20390
1 3625
1 2549
1 16860
1 11887
1 5380
1 17065
1 21384
1 5523
1 5986
1 15094
1 9535
1 11574
1 903
1 10211
1 10276
1 20129
1 16249
1 10117
1 10102
1 16125
1 16495
1 19413
1 4684
1 851
1 17738
1 13389
1 20043
1 11727
1 19912
1 10202
1 22516
1 715
1 12105
1 8960
1 21284
1 10182
1 10467
1 15053
1 11490
1 454
1 3290
1 2061
1 24431
1 7874
1 24211
1 23526
1 20648
1 24191
1 9222
1 5550
1 4046
1 7582
1 3303
1 10838
1 11934
1 9222
1 11655
1 18082
1 12939
1 18536
1 16625
1 19485
1 14821
1 25899
1 4622
1 1731
1 9521
1 1906
1 1619
1 11427
1 8657
1 25952
1 9197
1 13341
1 20679
1 3084
1 10538
1 22233
1 5750
1 17615
1 21986
1 22926
1 22695
1 6282
1 11071
1 14366
1 13633
1 15632
1 1954
1 761
1 25663
1 2373
1 1104
1 18711
1 448
1 21486
1 9396
1 865
1 1534
1 3476
1 74
1 16312
1 20598
1 15515
1 25555
1 2551
1 25225
1 2997
1 21299
1 24561
1 6172
1 11569
1 23592
1 2666
1 24564
1 14742
1 18541
1 7690
1 21627
1 19293
1 9853
1 9573
1 19590
1 8325
1 21508
1 13604
1 23003
1 24553
1 22956
1 17318
1 10871
1 3897
1 24671
1 4960
1 12619
1 2177
1 25873
1 19701
1 9401
1 8014
1 2771
1 5080
1 8383
1 22539
1 20654
1 8785
1 22458
1 17851
1 24230
1 18033
1 25040
1 8950
1 18500
1 6008
1 11402
1 23952
1 24142
1 15756
1 8749
1 15518
1 15132
1 9510
1 355
1 8398
1 10464
1 11728
1 22320
1 15739
1 21681
1 1902
1 25452
1 19470
1 3336
1 17366
1 20763
1 14097
1 15210
1 15296
1 2777
1 7023
1 16434
1 7844
1 21130
1 19358
1 4376
1 10732
1 13723
1 19374
1 21673
1 22394
1 19229
1 7820
1 20636
1 2468
1 9203
1 23336
1 16876
1 1032
1 8165
1 15001
1 25973
1 14700
1 6321
1 5701
1 6178
1 138
1 17107
1 7487
1 8294
1 23113
1 5497
1 25776
1 24676
1 1585
1 9792
1 8726
1 13628
1 23227
1 21827
1 3704
1 15
1 2034
1 16475
1 2548
1 20015
1 2172
1 20327
1 9637
1 8683
1 7462
1 9547
1 21073
1 10324
1 5086
1 3741
1 2021
1 16207
1 5881
1 9760
1 1196
1 921
1 23694
1 1926
1 3301
1 18440
1 24534
1 18764
1 20043
1 23460
1 15833
1 11508
1 19731
1 12390
1 13130
1 11008
1 8166
1 23917
1 13180
1 12516
1 20951
1 19294
1 9432
1 2680
1 11000
1 23105
1 400
1 19588
1 17487
1 19345
1 2034
1 19824
1 5907
1 12361
1 19759
1 10736
1 22233
1 3039
1 16693
1 23947
1 8223
1 13864
1 21944
1 399
1 19852
1 25374
1 23524
1 17070
1 1823
1 13464
1 17875
1 16486
1 12532
1 2026
1 3080
1 8285
1 6641
1 17188
1 9696
1 22027
1 4654
1 15077
1 7732
1 19774
1 523
1 12855
1 9028
1 25542
1 18911
1 17745
1 6745
1 5165
1 25199
1 7874
1 18676
1 11270
1 17748
1 13956
1 14454
1 7164
1 13582
1 9368
1 7084
1 18033
1 1209
1 18106
1 4072
1 17808
1 21095
1 19735
1 4102
1 10011
1 631
1 4358
1 15746
1 23356
1 16052
1 21912
1 13749
1 12025
1 16371
1 24637
1 22851
1 25921
1 19384
1 22815
1 2156
1 5324
1 2695
1 25665
1 11530
1 23058
1 8449
1 1344
1 14157
1 8217
1 16694
1 12353
1 7042
1 10027
1 24781
1 17397
1 24651
1 17384
1 24882
1 2571
1 6251
1 24639
1 471
1 19824
1 24412
1 5391
1 16793
1 6201
1 21265
1 14960
1 13690
1 60
1 16074
1 287
1 8040
1 21883
1 565
1 5487
1 22889
1 10778
1 25097
1 3084
1 13751
1 13706
1 18054
1 21998
1 22217
1 13879
1 19110
1 18500
1 16504
1 508
1 18630
1 24608
1 15493
1 4244
1 23711
1 12680
1 22204
1 16455
1 9571
1 10834
1 25664
1 18328
1 21170
1 22100
1 9747
1 13482
1 16974
1 16498
1 13290
1 6226
1 10304
1 22889
1 19926
1 25413
1 25027
1 20330
1 9355
1 2808
1 7964
1 17248
1 19166
1 20835
1 1483
1 16557
1 138
1 4547
1 16557
1 5181
1 8803
1 16584
1 13129
1 23872
1 5175
1 17516
1 2644
1 9222
1 6774
1 17494
1 700
1 19959
1 14035
1 1919
1 5513
1 13599
1 10061
1 25968
1 17692
1 22354
1 18948
1 22616
1 10800
1 17487
1 18720
1 17857
1 15025
1 4740
1 19803
1 4821
1 18188
1 3183
1 8366
1 16048
1 12689
1 390
1 19355
1 15384
1 10779
1 20782
1 21711
1 23336
1 23295
1 3242
1 19214
1 16744
1 9931
1 17906
1 665
1 5777
1 11840
1 5160
1 255
1 19926
1 5644
1 3381
1 5860
1 14726
1 12741
1 46
1 14451
1 25921
1 3618
1 3117
1 22516
1 12922
1 13537
1 715
1 12279
1 1237
1 22522
1 22370
1 11314
1 25411
1 9663
1 8199
1 21583
1 2572
1 3898
1 12189
1 23991
1 5325
1 23768
1 3360
1 25217
1 6270
1 7665
1 16668
1 23494
1 19633
1 1961
1 11537
1 3016
1 25903
1 3041
1 18500
1 19816
1 11720
1 6366
1 23009
1 11530
1 25199
1 19574
1 24090
1 19092
1 4067
1 19672
1 24553
1 6817
1 20089
1 14504
1 5293
1 25217
1 4921
1 25210
1 11284
1 15258
1 12122
1 22229
1 8806
1 5649
1 23178
1 19934
1 4419
1 11052
1 23590
1 19272
1 13926
1 12320
1 22111
1 8094
1 12114
1 8197
1 118
1 22119
1 2952
1 20880
1 20961
1 12954
1 830
1 8077
1 10220
1 7970
1 12825
1 8929
1 13599
1 17539
1 20460
1 10669
1 19996
1 17980
1 18253
1 23540
1 11413
1 10942
1 6503
1 9761
1 8866
1 7333
1 8816
1 1183
1 16215
1 22167
1 23120
1 18770
1 13317
1 5178
1 10990
1 8042
1 21711
1 10468
1 19959
1 675
1 6774
1 19345
1 8432
1 16703
1 9344
1 16990
1 18999
1 12025
1 11733
1 3580
1 7066
1 19751
1 85
1 7468
1 9865
1 12508
1 1615
1 21076
1 715
1 10209
1 9222
1 20450
1 17887
1 2572
1 24571
1 10526
1 4261
1 9664
1 17436
1 2581
1 6734
1 10942
1 8135
1 22223
1 15760
1 196
1 16694
1 5892
1 1823
1 23498
1 24764
1 683
1 23279
1 9261
1 7528
1 5440
1 20494
1 24205
1 24236
1 23057
1 18310
1 3758
1 24291
1 9063
1 17674
1 20307
1 21827
1 5079
1 19451
1 13451
1 1506
1 5778
1 3310
1 20064
1 14561
1 21417
1 18500
1 10726
1 10734
1 12310
1 23828
1 419
1 1110
1 11022
1 12219
1 10788
1 13704
1 14788
1 8399
1 14293
1 5538
1 10305
1 24152
1 8848
1 2872
1 1278
1 24948
1 19544
1 7906
1 25555
1 25664
1 6903
1 19574
1 20640
1 16961
1 2449
1 1973
1 21485
1 10791
1 17266
1 24882
1 20465
1 18481
1 954
1 523
1 19360
1 10296
1 16408
1 24579
1 13599
1 13599
1 21873
1 6181
1 13746
1 13922
1 6723
1 23058
1 22609
1 18133
1 4634
1 6132
1 14505
1 24185
1 20680
1 23130
1 13660
1 3190
1 23608
1 23419
1 9988
1 24938
1 22516
1 13341
1 20593
1 3989
1 2617
1 10434
1 21482
1 4394
1 14728
1 4710
1 16655
1 17466
1 5548
1 10546
1 2660
1 4019
1 5658
1 11147
1 19224
1 21381
1 23179
1 12680
1 3534
1 10274
1 7364
1 6353
1 362
1 9806
1 4754
1 5543
1 24401
1 2513
1 16944
1 24456
1 14554
1 14817
1 11236
1 19249
1 1376
1 1003
1 16636
1 19325
1 6092
1 23106
1 8982
1 22060
1 21027
1 11030
1 20129
1 21957
1 4472
1 14524
1 8374
1 14193
1 138
1 832
1 6585
1 5558
1 21907
1 10442
1 9881
1 17219
1 8601
1 6478
1 22145
1 19517
1 857
1 12079
1 10069
1 9548
1 10909
1 18626
1 21765
1 19754
1 8211
1 22889
1 13599
1 6864
1 3554
1 14153
1 16349
1 9705
1 24246
1 22003
1 15447
1 2749
1 5893
1 193
1 16959
1 8126
1 21170
1 8661
1 8407
1 9547
1 22889
1 23891
1 13194
1 19111
1 8628
1 382
1 240
1 4450
1 19517
1 24203
1 9303
1 546
1 382
1 12659
1 7985
1 18967
1 19590
1 8023
1 865
1 14673
1 21566
1 21194
1 14880
1 2987
1 19362
1 7388
1 5541
1 6969
1 15411
1 3682
1 19935
1 17487
1 6990
1 6747
1 1667
1 6226
1 2689
1 6641
1 24870
1 1394
1 20359
1 8325
1 1405
1 584
1 10217
1 13661
1 13510
1 24111
1 25958
1 15665
1 19139
1 18541
1 4575
1 3845
1 4416
1 4533
1 17567
1 840
1 22854
1 14331
1 16008
1 22889
1 10679
1 21792
1 23898
1 4415
1 18269
1 838
1 14881
1 11504
1 21549
1 4205
1 16647
1 7412
1 17487
1 16091
1 22885
1 18468
1 1830
1 899
1 10095
1 6656
1 7368
1 24785
1 24261
1 22647
1 7209
1 24427
1 1533
1 14181
1 24204
1 23898
1 5918
1 15925
1 4011
1 12172
1 16678
1 4196
1 12978
1 22715
1 20366
1 9482
1 8533
1 2494
1 10568
1 13318
1 20593
1 18096
1 13697
1 400
1 1721
1 18836
1 7902
1 5611
1 22699
1 6226
1 9637
1 6497
1 22889
1 21305
1 10669
1 23513
1 7732
1 16386
1 23055
1 15317
1 17487
1 12922
1 7662
1 13900
1 16941
1 1280
1 19865
1 5440
1 2623
1 24784
1 4839
1 11764
1 2344
1 17219
1 12255
1 11503
1 14943
1 2763
1 14504
1 2625
1 13499
1 23990
1 12922
1 2478
1 18139
1 9576
1 13453
1 3892
1 23351
1 10948
1 6082
1 20468
1 5223
1 1259
1 20200
1 1528
1 21578
1 9574
1 24477
1 15094
1 11314
1 8601
1 13464
1 14961
1 10445
1 2384
1 8839
1 1005
1 18082
1 20964
1 12085
1 851
1 11880
1 23560
1 10198
1 9778
1 1423
1 7085
1 21410
1 13092
1 19909
1 2679
1 19741
1 7528
1 10042
1 9886
1 9152
1 5670
1 23473
1 9778
1 9936
1 24533
1 4166
1 23703
1 24790
1 13599
1 2502
1 3259
1 13961
1 12913
1 21998
1 11879
1 8210
1 16264
1 7975
1 5977
1 25424
1 19525
1 10284
1 14627
1 13465
1 224
1 23408
1 7584
1 3131
1 3740
1 24116
1 16694
1 16186
1 22354
1 958
1 663
1 22274
1 4738
1 18532
1 4549
1 16389
1 11175
1 6181
1 11320
1 1607
1 25027
1 15473
1 1588
1 6226
1 14134
1 13176
1 15697
1 17105
1 22405
1 10916
1 10317
1 20537
1 16114
1 17421
1 3907
1 6006
1 3866
1 24561
1 6270
1 4710
1 8146
1 3631
1 14578
1 2083
1 3871
1 8449
1 15653
1 21888
1 24997
1 9535
1 20494
1 25873
1 9431
1 11844
1 8782
1 25122
1 17352
1 15401
1 3029
1 16492
1 19590
1 22628
1 19179
1 7941
1 13879
1 25214
1 22496
1 8871
1 16793
1 18328
1 11008
1 19294
1 10652
1 16625
1 1012
1 16668
1 5611
1 22892
1 15376
1 22889
1 16846
1 24455
1 4712
1 9261
1 19447
1 9219
1 9803
1 24398
1 25031
1 14325
1 16692
1 6705
1 17539
1 9943
1 4854
1 23449
1 10712
1 19487
1 11793
1 7524
1 12941
1 24432
1 25261
1 5550
1 11626
1 3070
1 22172
1 7874
1 14167
1 7762
1 3153
1 24164
1 23086
1 15414
1 19455
1 1527
1 12360
1 16988
1 23683
1 21529
1 2975
1 24838
1 11373
1 714
1 12415
1 888
1 11319
1 9521
1 510
1 23787
1 7818
1 5117
1 2990
1 24879
1 22466
1 6516
1 2583
1 15764
1 6949
1 1267
1 18799
1 18168
1 25539
1 12033
1 18799
1 17106
1 11606
1 21828
1 19214
1 16561
1 8820
1 22241
1 24900
1 18532
1 21516
1 23427
1 2336
1 555
1 2944
1 10252
1 9326
1 22516
1 20571
1 17036
1 8464
1 16499
1 24594
1 12073
1 16057
1 24205
1 16897
1 15130
1 14421
1 109
1 16976
1 9571
1 1547
1 16687
1 11662
1 523
1 904
1 13257
1 3864
1 1205
1 10337
1 24060
1 5857
1 24320
1 3672
1 17856
1 4814
1 25702
1 20859
1 865
1 15258
1 16008
1 12531
1 17071
1 14066
1 25445
1 1918
1 15538
1 15810
1 7300
1 11510
1 8648
1 10800
1 2874
1 21636
1 13528
1 786
1 5550
1 18683
1 1704
1 6358
1 13876
1 4538
1 13846
1 5688
1 20452
1 24879
1 15041
1 25215
1 3165
1 6993
1 13803
1 4177
1 23097
1 9748
1 21485
1 22516
1 9601
1 25624
1 25225
1 5217
1 14403
1 16363
1 2248
1 6706
1 7356
1 19740
1 19917
1 21950
1 5513
1 3665
1 25873
1 18116
1 25633
1 6517
1 2481
1 10055
1 856
1 5389
1 24813
1 21076
1 1919
1 4684
1 10627
1 3827
1 8240
1 11825
1 19445
1 6245
1 15632
1 24033
1 10439
1 21077
1 21470
1 19760
1 12251
1 2531
1 8576
1 16506
1 3477
1 25103
1 17549
1 13304
1 1043
1 10990
1 24503
1 17393
1 14066
1 6584
1 1634
1 21485
1 24013
1 4937
1 4504
1 7732
1 8900
1 11839
1 7745
1 17085
1 15331
1 7253
1 15262
1 7162
1 7696
1 11281
1 22690
1 15943
1 21106
1 19345
1 778
1 19736
1 9267
1 2031
1 23527
1 25725
1 3358
1 15340
1 16694
1 7647
1 9014
1 17616
1 5238
1 10650
1 3063
1 8253
1 12100
1 19959
1 14760
1 20428
1 15615
1 22889
1 14557
1 21191
1 12115
1 15693
1 5414
1 6071
1 2719
1 24462
1 13053
1 25756
1 21617
1 16456
1 4844
1 18583
1 17332
1 14006
1 16825
1 168
1 16697
1 13218
1 13599
1 21986
1 23610
1 17857
1 10819
1 7597
1 18374
1 4505
1 22627
1 13171
1 7268
1 18602
1 11263
1 15615
1 16466
1 10647
1 2671
1 10302
1 1888
1 21206
1 101
1 23311
1 17621
1 6181
1 16793
1 11333
1 20919
1 13434
1 2706
1 8084
1 4878
1 3625
1 3131
1 23646
1 22516
1 193
1 18086
1 6914
1 12552
1 3958
1 17487
1 20666
1 22903
1 7340
1 11766
1 3907
1 6568
1 25295
1 15894
1 21788
1 13389
1 24049
1 11825
1 20206
1 6092
1 6945
1 13773
1 13578
1 2013
1 13639
1 2571
1 22401
1 20694
1 19345
1 25017
1 9660
1 3262
1 19694
1 1655
1 23925
1 14037
1 23681
1 16454
1 10854
1 14838
1 23245
1 17298
1 8688
1 4782
1 9029
1 138
1 1293
1 16481
1 13277
1 9526
1 12550
1 14629
1 275
1 10320
1 5505
1 12155
1 12083
1 17846
1 5788
1 18334
1 23398
1 629
1 13675
1 15540
1 24398
1 16168
1 25160
1 20202
1 23300
1 17107
1 3610
1 2155
1 7148
1 9196
1 3332
1 20708
1 14369
1 523
1 9722
1 4937
1 19132
1 20733
1 4310
1 9158
1 22572
1 14289
1 8084
1 19754
1 22027
1 14099
1 9676
1 7731
1 17225
1 1022
1 2172
1 5798
1 6879
1 1966
1 3301
1 15671
1 14238
1 21706
1 22167
1 18558
1 1121
1 22566
1 19833
1 20465
