1 14760
1 21076
1 20084
1 21147
1 7517
1 6071
1 3158
1 8063
1 1751
1 19854
1 12541
1 17898
1 19865
1 25601
1 4660
1 22527
1 25446
1 16847
1 13506
1 12020
1 9977
1 1556
1 25716
1 7275
1 9431
1 10725
1 17974
1 18670
1 24592
1 6795
1 19020
1 15878
1 2638
1 2969
1 10961
1 16586
1 22516
1 18286
1 16210
1 7732
1 23639
1 311
1 8946
1 400
1 13021
1 21597
1 16879
1 13123
1 4367
1 7936
1 16735
1 17487
1 715
1 25873
1 11655
1 22889
1 14280
1 12011
1 15914
1 23781
1 10245
1 2278
1 19483
1 19209
1 19754
1 15826
1 6705
1 16338
1 9190
1 15163
1 4397
1 13317
1 22094
1 25084
1 6016
1 2099
1 25294
1 11817
1 2478
1 21331
1 16142
1 24939
1 9601
1 8020
1 25685
1 17487
1 14641
1 12541
1 14788
1 400
1 273
1 9658
1 6445
1 20586
1 4533
1 5344
1 2378
1 16694
1 5558
1 22200
1 2478
1 16348
1 25015
1 10021
1 21041
1 6205
1 891
1 1392
1 9095
1 131
1 25879
1 15054
1 3762
1 25418
1 16983
1 14561
1 9289
1 18257
1 3476
1 25103
1 17818
1 16793
1 16815
1 24456
1 21366
1 7479
1 20803
1 5548
1 16384
1 631
1 24553
1 5009
1 24601
1 13861
1 18498
1 12008
1 20188
1 10267
1 19590
1 14933
1 18712
1 18064
1 11349
1 16208
1 25477
1 24191
1 5788
1 5288
1 23043
1 4539
1 8890
1 8536
1 9741
1 7621
1 14451
1 24199
1 22889
1 21199
1 23337
1 3074
1 10942
1 13036
1 1012
1 2486
1 16573
1 8628
1 8041
1 16496
1 3135
1 25368
1 18571
1 2120
1 104
1 23242
1 5065
1 13700
1 15798
1 15426
1 11866
1 25015
1 1209
1 17239
1 10189
1 13326
1 22480
1 21223
1 3382
1 715
1 25198
1 15167
1 11843
1 14287
1 411
1 24780
1 13599
1 5440
1 9179
1 410
1 14066
1 12305
1 21431
1 19360
1 8137
1 12272
1 6181
1 19539
1 6844
1 4626
1 20849
1 17883
1 24586
1 22804
1 9395
1 14828
1 3917
1 24513
1 17065
1 264
1 19923
1 4710
1 1064
1 2644
1 10162
1 21490
1 22340
1 24660
1 3016
1 9567
1 24925
1 10942
1 4348
1 1192
1 7344
1 11817
1 1704
1 8478
1 1703
1 23869
1 10100
1 23178
1 15894
1 10726
1 5259
1 8355
1 5697
1 6332
1 19436
1 2793
1 7291
1 22870
1 22339
1 2192
1 968
1 8552
1 24817
1 19534
1 2629
1 4439
1 1165
1 13971
1 12267
1 546
1 25569
1 13704
1 6823
1 9403
1 4910
1 1646
1 9014
1 3975
1 7837
1 9177
1 7551
1 25821
1 3614
1 4550
1 17487
1 19742
1 3303
1 2594
1 3386
1 12112
1 2071
1 13810
1 4377
1 8354
1 18181
1 15250
1 4684
1 4531
1 23671
1 15280
1 714
1 16793
1 8230
1 24041
1 1463
1 3864
1 13834
1 998
1 793
1 9998
1 20963
1 8576
1 20935
1 12998
1 9490
1 267
1 8398
1 9008
1 22889
1 11156
1 18839
1 22320
1 20127
1 15946
1 2724
1 14933
1 2762
1 8460
1 14843
1 20349
1 3665
1 16326
1 20675
1 4779
1 24600
1 19729
1 24672
1 18450
1 10117
1 23337
1 5308
1 19934
1 25867
1 19403
1 19487
1 23919
1 138
1 18214
1 6054
1 10823
1 22713
1 23055
1 13210
1 21749
1 14235
1 4539
1 9318
1 7848
1 813
1 23699
1 10876
1 14308
1 24456
1 10949
1 12098
1 17188
1 5030
1 2238
1 3313
1 24090
1 3489
1 9431
1 11764
1 6645
1 18532
1 25418
1 588
1 21781
1 10160
1 10909
1 4710
1 12614
1 17461
1 9495
1 4227
1 2809
1 20252
1 7499
1 6585
1 7444
1 19910
1 1228
1 3872
1 13551
1 24266
1 9944
1 16034
1 5378
1 22236
1 1422
1 9943
1 3704
1 16712
1 10002
1 24696
1 18086
1 16703
1 9461
1 12464
1 22011
1 7212
1 4710
1 6106
1 16701
1 6928
1 25423
1 24271
1 17424
1 19141
1 14820
1 10250
1 6388
1 6487
1 23058
1 24431
1 15190
1 18174
1 4489
1 16689
1 10990
1 17251
1 15207
1 9400
1 18259
1 23113
1 16846
1 959
1 18099
1 2108
1 25484
1 6627
1 14650
1 21770
1 7192
1 6537
1 16552
1 21070
1 5518
1 9839
1 23843
1 9222
1 3303
1 20312
1 9778
1 6282
1 9965
1 24009
1 6437
1 4560
1 23990
1 1046
1 4101
1 15752
1 18218
1 1083
1 13950
1 17434
1 3862
1 16249
1 6329
1 4988
1 23158
1 8812
1 8108
1 11537
1 25448
1 1409
1 19244
1 23947
1 24128
1 7041
1 14064
1 22184
1 25577
1 20159
1 16694
1 849
1 11012
1 13023
1 24338
1 11456
1 23075
1 968
1 9222
1 21755
1 19865
1 19541
1 20833
1 23055
1 24142
1 22079
1 11397
1 3178
1 25027
1 9635
1 7618
1 19993
1 23991
1 5026
1 10107
1 4103
1 20859
1 12718
1 15317
1 6116
1 16764
1 24563
1 21610
1 15992
1 21631
1 17851
1 17279
1 7394
1 14961
1 13841
1 7748
1 18086
1 8449
1 7525
1 7447
1 17863
1 14433
1 23029
1 21300
1 3463
1 10126
1 7128
1 3962
1 162
1 6525
1 13881
1 18064
1 9803
1 2571
1 17487
1 19590
1 5212
1 14230
1 4372
1 24398
1 9374
1 5697
1 199
1 18494
1 3907
1 16067
1 23214
1 20468
1 14154
1 382
1 9344
1 15289
1 6198
1 20479
1 4519
1 2815
1 5497
1 21076
1 24768
1 4200
1 13093
1 22027
1 3338
1 22871
1 3595
1 17860
1 10675
1 995
1 6066
1 16351
1 23572
1 9565
1 9930
1 16063
1 1844
1 6477
1 659
1 3953
1 24721
1 2349
1 16553
1 4937
1 24544
1 12627
1 13389
1 23455
1 6116
1 22330
1 391
1 4895
1 12259
1 25555
1 3420
1 24179
1 9510
1 21800
1 22524
1 1818
1 15515
1 22802
1 22233
1 1701
1 12393
1 1431
1 7120
1 6470
1 18281
1 10568
1 9664
1 22442
1 6282
1 9571
1 13465
1 2943
1 18721
1 16751
1 15599
1 7146
1 9275
1 19506
1 5750
1 20326
1 6943
1 13682
1 20139
1 15497
1 19834
1 5781
1 695
1 15258
1 15368
1 18837
1 13341
1 19865
1 7561
1 15363
1 21364
1 18667
1 2517
1 16531
1 23507
1 15615
1 1120
1 4754
1 13557
1 15053
1 16625
1 14498
1 3848
1 9909
1 17355
1 97
1 25692
1 15894
1 5538
1 257
1 4999
1 3989
1 2943
1 16436
1 11903
1 17213
1 7745
1 24593
1 7533
1 11511
1 22402
1 11647
1 17766
1 12033
1 9376
1 5880
1 16916
1 14599
1 16682
1 14681
1 714
1 7662
1 11212
1 11953
1 8764
1 20638
1 9431
1 12654
1 13784
1 23241
1 964
1 19111
1 18532
1 4386
1 16692
1 18398
1 9621
1 20859
1 15778
1 24080
1 18111
1 18364
1 7874
1 13593
1 8440
1 9407
1 24274
1 9054
1 10296
1 12978
1 5318
1 9222
1 3511
1 2002
1 2310
1 9792
1 6190
1 6892
1 11628
1 20660
1 18500
1 13248
1 1586
1 22434
1 9290
1 15261
1 3470
1 23599
1 21426
1 16408
1 1336
1 7766
1 849
1 13704
1 13389
1 8495
1 13588
1 1038
1 16837
1 15540
1 22242
1 9155
1 9567
1 10671
1 14305
1 17379
1 1568
1 8628
1 22889
1 9289
1 15472
1 7017
1 17500
1 19150
1 10826
1 13926
1 16587
1 24941
1 3468
1 3614
1 2390
1 3152
1 20161
1 22080
1 25940
1 6945
1 2136
1 9222
1 10625
1 23826
1 12191
1 6923
1 2177
1 21938
1 9413
1 19306
1 6751
1 9158
1 17510
1 15228
1 17358
1 12238
1 14657
1 25024
1 8576
1 25388
1 24744
1 11827
1 21312
1 25217
1 8803
1 22903
1 5788
1 15520
1 16766
1 7913
1 21036
1 11384
1 15363
1 5783
1 16642
1 22312
1 5386
1 22439
1 9685
1 18541
1 4090
1 2865
1 17895
1 7146
1 23113
1 4224
1 25861
1 18864
1 17340
1 10768
1 8406
1 4717
1 7257
1 1921
1 11579
1 23314
1 21942
1 10411
1 16254
1 4936
1 16852
1 5295
1 4622
1 14957
1 20571
1 18664
1 13599
1 25527
1 15035
1 5891
1 15857
1 4873
1 3918
1 14890
1 15615
1 10669
1 10361
1 715
1 25161
1 7935
1 20915
1 16016
1 18349
1 4543
1 15864
1 20225
1 2680
1 20888
1 22889
1 19345
1 12468
1 21890
1 14207
1 2472
1 14054
1 21692
1 14456
1 21916
1 21650
1 24612
1 179
1 14223
1 382
1 6272
1 16402
1 12922
1 5788
1 22554
1 9906
1 21388
1 15228
1 18188
1 11314
1 25225
1 16840
1 16862
1 19120
1 11387
1 3690
1 25873
1 18557
1 22688
1 8421
1 19138
1 21564
1 3237
1 1579
1 22889
1 15484
1 8974
1 16032
1 2364
1 16496
1 19633
1 8148
1 15772
1 18676
1 21739
1 2398
1 4709
1 15292
1 1468
1 18217
1 11738
1 18231
1 16129
1 10117
1 22516
1 13498
1 713
1 8982
1 4447
1 10174
1 12855
1 17617
1 9856
1 11132
1 23241
1 19830
1 17037
1 18995
1 13948
1 19432
1 1161
1 14025
1 10832
1 4670
1 8628
1 17924
1 11825
1 12552
1 5998
1 4873
1 7243
1 14398
1 18594
1 16661
1 20417
1 1823
1 15137
1 13196
1 17188
1 5720
1 6928
1 6556
1 23540
1 23926
1 23639
1 13751
1 25708
1 6167
1 19712
1 25083
1 25465
1 18181
1 13847
1 8135
1 698
1 3315
1 17636
1 23012
1 12324
1 5071
1 20337
1 2173
1 15716
1 22960
1 15069
1 3609
1 9222
1 9938
1 22976
1 12576
1 24669
1 15184
1 17546
1 384
1 12550
1 24548
1 12706
1 19659
1 14090
1 24453
1 17387
1 24462
1 12906
1 17734
1 2674
1 2590
1 14807
1 21964
1 9025
1 9911
1 17997
1 18534
1 20465
1 23781
1 15039
1 327
1 14630
1 22119
1 4550
1 22707
1 22119
1 19582
1 24751
1 23089
1 4257
1 8084
1 20009
1 11212
1 12340
1 21758
1 17178
1 7379
1 9613
1 325
1 10788
1 11433
1 21812
1 5379
1 21765
1 7472
1 14760
1 5644
1 14931
1 14606
1 8551
1 24740
1 4396
1 19680
1 21705
1 20451
1 8257
1 9856
1 7120
1 18291
1 15615
1 24744
1 9640
1 6923
1 15987
1 9511
1 19533
1 12372
1 14723
1 635
1 10445
1 5488
1 4196
1 12500
1 16042
1 8929
1 13861
1 24976
1 16975
1 5285
1 4754
1 16809
1 14676
1 2307
1 10002
1 22172
1 3205
1 19007
1 16006
1 2014
1 22527
1 14837
1 16125
1 4436
1 7168
1 3539
1 21471
1 7701
1 4488
1 19483
1 1484
1 7120
1 21630
1 20233
1 1712
1 14879
1 2762
1 11237
1 3574
1 4710
1 17036
1 25149
1 8771
1 21618
1 2170
1 8628
1 749
1 19590
1 19993
1 17207
1 6245
1 9222
1 10202
1 18883
1 4080
1 5331
1 23276
1 22125
1 10319
1 20117
1 11254
1 469
1 17056
1 1121
1 13936
1 7437
1 7272
1 15998
1 18179
1 17170
1 22003
1 24398
1 10581
1 16920
1 13165
1 15841
1 11840
1 14899
1 25085
1 15986
1 15573
1 11645
1 3658
1 23100
1 6181
1 16351
1 6136
1 16712
1 6106
1 25297
1 7145
1 23480
1 22027
1 5451
1 17351
1 21104
1 17647
1 4641
1 19636
1 4873
1 14428
1 6742
1 15001
1 15073
1 18664
1 24199
1 18294
1 1710
1 3144
1 8991
1 3337
1 7826
1 1147
1 4419
1 97
1 2282
1 1077
1 14207
1 18553
1 19111
1 13700
1 16100
1 13879
1 20007
1 12076
1 13074
1 23899
1 2638
1 16635
1 7705
1 17487
1 16951
1 17699
1 22524
1 10335
1 21685
1 18569
1 9174
1 13812
1 16793
1 15784
1 2381
1 14488
1 9786
1 1888
1 2156
1 14345
1 10033
1 20586
1 14194
1 13103
1 9853
1 24322
1 6115
1 16583
1 8367
1 19413
1 23471
1 8947
1 23055
1 16215
1 12007
1 13882
1 22667
1 18783
1 23184
1 24719
1 19634
1 17696
1 8628
1 22251
1 19117
1 10547
1 2649
1 18818
1 16839
1 23991
1 3883
1 10660
1 8628
1 10198
1 7855
1 9981
1 18135
1 16731
1 13504
1 11030
1 4552
1 12240
1 25562
1 12709
1 1260
1 11062
1 17387
1 23990
1 17487
1 12076
1 23215
1 24456
1 7887
1 15865
1 10240
1 23537
1 11764
1 15615
1 23929
1 7381
1 7584
1 1012
1 1922
1 4230
1 16771
1 14248
1 11176
1 20184
1 17955
1 699
1 7697
1 9495
1 25071
1 24724
1 22516
1 2644
1 6817
1 21673
1 1529
1 16007
1 4431
1 22723
1 16254
1 3166
1 8257
1 9942
1 6597
1 23419
1 10048
1 22864
1 19254
1 15659
1 20568
1 24995
1 12112
1 8568
1 8672
1 1397
1 21009
1 5788
1 6774
1 3242
1 8061
1 25472
1 2504
1 25134
1 25969
1 560
1 25664
1 23540
1 21390
1 6364
1 24764
1 10107
1 9024
1 19630
1 2293
1 20738
1 22162
1 23723
1 4341
1 13855
1 7793
1 18981
1 22614
1 16623
1 16789
1 1893
1 4754
1 2991
1 5788
1 17742
1 21281
1 7227
1 14548
1 24105
1 7968
1 8896
1 351
1 8996
1 1766
1 19504
1 12054
1 20912
1 17931
1 18698
1 9769
1 24559
1 989
1 16343
1 13006
1 23895
1 19854
1 19495
1 15621
1 14055
1 18263
1 23637
1 6159
1 25606
1 25345
1 3265
1 8367
1 13578
1 23153
1 6914
1 20545
1 6613
1 631
1 24128
1 21271
1 17818
1 16643
1 10942
1 1691
1 17108
1 1945
1 24371
1 25923
1 25803
1 15247
1 10627
1 16860
1 16792
1 23507
1 22853
1 10863
1 22485
1 23199
1 4266
1 25025
1 20129
1 9659
1 3548
1 13112
1 22889
1 9222
1 2067
1 7732
1 22995
1 356
1 1568
1 23343
1 11027
1 5920
1 24083
1 18214
1 16771
1 5090
1 10987
1 19744
1 6771
1 11909
1 8399
1 23860
1 5788
1 5399
1 20494
1 9939
1 145
1 3117
1 21739
1 17516
1 5538
1 23423
1 24554
1 23608
1 23947
1 7087
1 18203
1 14099
1 2248
1 6181
1 22516
1 11031
1 2172
1 23215
1 1718
1 17487
1 20330
1 12250
1 21141
1 12394
1 1922
1 25641
1 25352
1 3438
1 4949
1 23242
1 5173
1 942
1 23468
1 15352
1 5401
1 11769
1 14320
1 12215
1 11464
1 21050
1 22136
1 11314
1 24565
1 17986
1 16372
1 15829
1 8082
1 21867
1 12432
1 4327
1 19779
1 21005
1 24820
1 3232
1 23313
1 1759
1 16694
1 2203
1 1715
1 10018
1 21490
1 9014
1 24220
1 10324
1 10800
1 14740
1 4095
1 3366
1 17887
1 8803
1 18933
1 17236
1 21998
1 10324
1 25720
1 15135
1 7327
1 8442
1 20657
1 18556
1 8275
1 12023
1 23978
1 16524
1 23281
1 4545
1 1393
1 17046
1 13619
1 12311
1 8486
1 16719
1 2642
1 22707
1 19752
1 20753
1 12848
1 24949
1 24719
1 21810
1 25058
1 19485
1 5240
1 25929
1 16800
1 11284
1 10204
1 20368
1 11438
1 13339
1 9648
1 17487
1 9252
1 9222
1 15170
1 16277
1 25691
1 23363
1 10947
1 16879
1 13494
1 20598
1 3898
1 18885
1 21571
1 6131
1 17742
1 13175
1 4638
1 18488
1 12792
1 11026
1 10027
1 21765
1 18867
1 7453
1 15333
1 4858
1 24751
1 9547
1 1752
1 8661
1 19659
1 11964
1 3419
1 18154
1 6700
1 10678
1 22233
1 9357
1 5580
1 7843
1 24554
1 21109
1 21998
1 5430
1 18543
1 22486
1 22377
1 23113
1 15458
1 25544
1 12652
1 584
1 14895
1 12250
1 10438
1 16993
1 3476
1 15202
1 22521
1 7973
1 4059
1 21711
1 19282
1 23804
1 23018
1 4754
1 16168
1 23477
1 21765
1 12025
1 19962
1 5834
1 18186
1 1212
1 22516
1 14068
1 631
1 11712
1 10937
1 4816
1 4463
1 4805
1 4560
1 6092
1 833
1 3205
1 10339
1 14764
1 25225
1 10314
1 4456
1 10623
1 22854
1 21753
1 9571
1 21681
1 6563
1 5234
1 2137
1 19590
1 18583
1 17922
1 24272
1 16189
1 7628
1 24191
1 13751
1 2658
1 17487
1 12342
1 15576
1 17107
1 13996
1 12148
1 17229
1 6507
1 23507
1 2728
1 1601
1 17857
1 10646
1 18669
1 2839
1 12856
1 22516
1 13865
1 1747
1 23649
1 15615
1 11964
1 12333
1 24455
1 9222
1 2416
1 1927
1 11334
1 16440
1 25914
1 12614
1 20130
1 3100
1 5437
1 17924
1 8582
1 22889
1 18199
1 9109
1 22661
1 3938
1 11257
1 25847
1 3555
1 24633
1 23281
1 2835
1 6172
1 12249
1 16988
1 18005
1 23466
1 14529
1 24597
1 17611
1 20660
1 5788
1 11762
1 9966
1 11794
1 4134
1 21753
1 7519
1 9778
1 12076
1 21592
1 14814
1 8299
1 17107
1 6195
1 24037
1 15773
1 15284
1 20064
1 2918
1 14831
1 18185
1 2671
1 17388
1 9431
1 21419
1 16669
1 1262
1 15914
1 3
1 19677
1 20783
1 17487
1 7149
1 9222
1 18532
1 14483
1 18571
1 8684
1 9222
1 25651
1 24243
1 20335
1 9183
1 9215
1 15504
1 138
1 25171
1 4951
1 20538
1 8186
1 14108
1 1943
1 12975
1 10423
1 8921
1 21841
1 23686
1 9317
1 11967
1 7625
1 19618
1 11603
1 17136
1 22601
1 7570
1 11144
1 21885
1 6682
1 5750
1 11487
1 16969
1 23697
1 8686
1 15568
1 22889
1 25513
1 9939
1 25152
1 14532
1 138
1 9095
1 12192
1 3915
1 20158
1 16395
1 19771
1 3257
1 25485
1 19485
1 14609
1 851
1 23832
1 15414
1 16807
1 25012
1 18160
1 2399
1 5564
1 11278
1 17073
1 14928
1 2030
1 10661
1 25418
1 18181
1 3672
1 25096
1 1562
1 23381
1 14250
1 3906
1 18817
1 14538
1 2202
1 16443
1 9350
1 24724
1 24925
1 7709
1 18563
1 17444
1 9423
1 3693
1 14066
1 19552
1 6279
1 20695
1 7658
1 4355
1 15729
1 4399
1 21747
1 10518
1 4205
1 8679
1 3439
1 8297
1 25360
1 6017
1 10909
1 3789
1 5908
1 322
1 5022
1 9176
1 1076
1 24054
1 15825
1 24142
1 118
1 19616
1 10513
1 11577
1 14950
1 17856
1 16624
1 17857
1 18630
1 15420
1 1921
1 22516
1 18917
1 22027
1 21545
1 4200
1 3604
1 2627
1 25184
1 8869
1 23810
1 3871
1 7351
1 3236
1 14088
1 3131
1 1923
1 25225
1 17487
1 13434
1 12156
1 4419
1 22240
1 18526
1 1314
1 518
1 15228
1 21662
1 15833
1 9400
1 8126
1 12935
1 21379
1 22524
1 1040
1 21426
1 11175
1 23215
1 22937
1 24710
1 22574
1 23634
1 25348
1 4712
1 14051
1 25873
1 13166
1 13357
1 1909
1 4134
1 23976
1 8880
1 11696
1 20961
1 8123
1 4259
1 9005
1 13660
1 13501
1 11952
1 13358
1 17329
1 22658
1 13575
1 11936
1 7333
1 25096
1 8830
1 25051
1 9143
1 17101
1 22005
1 19904
1 5788
1 22889
1 5297
1 11248
1 12721
1 15796
1 7422
1 4289
1 7272
1 5625
1 12736
1 16088
1 1246
1 9592
1 15911
1 11330
1 12882
1 16118
1 4132
1 21270
1 17502
1 14416
1 18125
1 19735
1 968
1 15810
1 25213
1 19556
1 17710
1 21787
1 6650
1 18766
1 20541
1 16049
1 13520
1 6475
1 1999
1 25298
1 20774
1 4132
1 18824
1 14595
1 25103
1 10393
1 25275
1 10296
1 9052
1 16252
1 24217
1 16839
1 6077
1 12076
1 19092
1 22133
1 9222
1 14975
1 8257
1 1836
1 22516
1 273
1 11934
1 12983
1 8517
1 3403
1 19617
1 2885
1 15395
1 8865
1 5058
1 15893
1 1607
1 856
1 6721
1 8620
1 18788
1 10214
1 8407
1 25297
1 5523
1 8292
1 13092
1 13569
1 8998
1 16200
1 17437
1 22164
1 145
1 23313
1 18538
1 16995
1 2454
1 17053
1 2035
1 11312
1 23042
1 8331
1 13206
1 18766
1 14036
1 6911
1 13555
1 22040
1 22685
1 17274
1 12865
1 24715
1 1423
1 7874
1 6654
1 13390
1 322
1 2121
1 5872
1 24202
1 20823
1 9408
1 63
1 9553
1 19590
1 4477
1 18641
1 21689
1 14677
1 22710
1 21376
1 11934
1 18467
1 16600
1 13719
1 5633
1 17487
1 11819
1 11842
1 4592
1 703
1 3583
1 19734
1 3170
1 14835
1 13695
1 25129
1 3918
1 18456
1 12392
1 7320
1 14879
1 20863
1 22467
1 3985
1 6045
1 1193
1 14842
1 270
1 16793
1 7680
1 20961
1 20023
1 8628
1 7847
1 7109
1 1905
1 17026
1 24653
1 24910
1 19754
1 2786
1 7903
1 17911
1 5086
1 689
1 14688
1 24427
1 5773
1 3907
1 17487
1 21715
1 507
1 17977
1 15289
1 13576
1 7955
1 22889
1 25714
1 6671
1 9757
1 14498
1 18020
1 2248
1 21617
1 11530
1 5183
1 2356
1 6083
1 21082
1 3988
1 14688
1 10565
1 8536
1 16301
1 9859
1 19717
1 1383
1 22318
1 16482
1 4074
1 11771
1 13457
1 11998
1 22204
1 13457
1 13310
1 20528
1 19344
1 13845
1 14108
1 12054
1 9571
1 3996
1 18698
1 4839
1 431
1 21490
1 8338
1 8135
1 6749
1 11022
1 11409
1 22364
1 17487
1 10523
1 8188
1 5788
1 22735
1 24205
1 2313
1 8825
1 22174
1 5766
1 21710
1 16806
1 4785
1 6503
1 2055
1 2445
1 15957
1 16742
1 533
1 16876
1 14932
1 227
1 10293
1 6139
1 1003
1 19040
1 16343
1 25940
1 1423
1 18116
1 3466
1 9454
1 13084
1 6705
1 25018
1 10069
1 23501
1 15284
1 8382
1 17136
1 18725
1 13303
1 10823
1 9368
1 18524
1 255
1 20844
1 15698
1 16637
1 865
1 1105
1 10254
1 16454
1 9368
1 8343
1 8076
1 6092
1 1823
1 10210
1 16125
1 3246
1 15784
1 5371
1 2483
1 23763
1 9567
1 9796
1 11318
1 11757
1 13578
1 24456
1 12342
1 6870
1 24744
1 20823
1 2814
1 3421
1 4710
1 11908
1 18939
1 25048
1 21030
1 7421
1 13526
1 18305
1 18079
1 18170
1 15791
1 20430
1 10715
1 21513
1 7706
1 22204
1 501
1 10011
1 16434
1 12526
1 13599
1 16960
1 17819
1 15950
1 2076
1 5762
1 20342
1 17966
1 19003
1 17503
1 16661
1 16101
1 2541
1 9756
1 8423
1 710
1 22589
1 21285
1 14053
1 19401
1 1486
1 3016
1 7698
1 1586
1 25802
1 23854
1 20810
1 13802
1 15864
1 17756
1 1640
1 7468
1 5586
1 16730
1 675
1 2204
1 8527
1 15296
1 14223
1 11915
1 17945
1 22525
1 8436
1 10436
1 24060
1 9833
1 25707
1 17484
1 20796
1 23209
1 19218
1 6354
1 17032
1 11718
1 9803
1 14566
1 9043
1 23990
1 23741
1 17836
1 1747
1 17857
1 2121
1 19182
1 14085
1 23605
1 6916
1 22533
1 14746
1 16467
1 7272
1 16416
1 10584
1 8308
1 21403
1 20660
1 12255
1 10795
1 16822
1 17487
1 12394
1 1203
1 24954
1 14671
1 6388
1 3704
1 3580
1 5294
1 21137
1 12415
1 3592
1 4061
1 13320
1 5259
1 3704
1 3131
1 9285
1 523
1 6039
1 17674
1 6066
1 19213
1 4710
1 9548
1 22880
1 20138
1 6210
1 15860
1 8995
1 3580
1 21334
1 5865
1 23665
1 25225
1 16876
1 17744
1 25921
1 4612
1 15099
1 4635
1 10735
1 11824
1 25675
1 9388
1 21180
1 9222
1 3993
1 5684
1 15183
1 24749
1 8023
1 20448
1 15719
1 6162
1 25802
1 20950
1 2002
1 19330
1 9347
1 16826
1 22854
1 10362
1 13447
1 4412
1 10416
1 22248
1 7473
1 12387
1 15911
1 3148
1 20538
1 835
1 24203
1 2964
1 24431
1 19491
1 21249
1 9222
1 12619
1 18226
1 14790
1 4654
1 5165
1 17248
1 11561
1 3782
1 7621
1 18344
1 24030
1 18024
1 7981
1 319
1 22154
1 21430
1 9437
1 14625
1 8440
1 9906
1 23496
1 9261
1 715
1 22457
1 138
1 6297
1 23710
1 12071
1 15519
1 25816
1 12076
1 22126
1 12886
1 8025
1 8867
1 4214
1 25450
1 4712
1 17320
1 11481
1 1115
1 17216
1 8271
1 18448
1 12353
1 1878
1 12575
1 21938
1 11386
1 25717
1 9543
1 22992
1 4875
1 17682
1 19865
1 18760
1 13869
1 6874
1 21805
1 16419
1 702
1 3883
1 5095
1 13339
1 20319
1 21147
1 8697
1 5248
1 9515
1 30
1 1943
1 18076
1 16694
1 227
1 4353
1 21197
1 22699
1 13073
1 25197
1 22119
1 10814
1 4118
1 9179
1 25243
1 8793
1 12384
1 19341
1 21647
1 19784
1 17968
1 6293
1 18876
1 4996
1 11955
1 15615
1 8624
1 6096
1 2208
1 15384
1 9865
1 7881
1 8148
1 8114
1 3703
1 23158
1 22419
1 508
1 15296
1 16032
1 14552
1 12341
1 20045
1 22956
1 19929
1 6073
1 16114
1 20351
1 14253
1 19345
1 3900
1 10913
1 20445
1 18864
1 7120
1 25961
1 6045
1 15281
1 11330
1 24090
1 3131
1 18268
1 10834
1 850
1 22889
1 3205
1 756
1 23214
1 18236
1 23711
1 15473
1 18114
1 6903
1 5425
1 21125
1 17140
1 3458
1 13078
1 4397
1 15873
1 15300
1 11022
1 2226
1 11493
1 12620
1 17757
1 22189
1 1756
1 7975
1 2646
1 22527
1 23086
1 4010
1 11995
1 25105
1 17968
1 12396
1 1844
1 13641
1 9535
1 25709
1 7061
1 101
1 7917
1 20611
1 7188
1 17487
1 25490
1 9037
1 2194
1 24904
1 12254
1 16470
1 3654
1 13660
1 13389
1 25213
1 19086
1 24825
1 21524
1 19111
1 370
1 3370
1 18448
1 2044
1 21006
1 21010
1 11764
1 10934
1 8615
1 13012
1 15053
1 3265
1 14227
1 24654
1 17487
1 22889
1 516
1 213
1 10909
1 24751
1 10356
1 9936
1 6038
1 2785
1 21963
1 17730
1 12250
1 15108
1 15769
1 13696
1 20016
1 16074
1 1450
1 22233
1 18280
1 1046
1 15064
1 22083
1 21086
1 109
1 4652
1 20474
1 24326
1 2493
1 13544
1 11920
1 6175
1 1506
1 11776
1 6760
1 14628
1 22810
1 23336
1 4814
1 24423
1 4645
1 23858
1 9938
1 3306
1 11954
1 10986
1 23086
1 24349
1 7209
1 13464
1 14908
1 14401
1 2544
1 11314
1 16254
1 2772
1 19386
1 1003
1 24377
1 2571
1 6272
1 2293
1 1036
1 18500
1 14299
1 8328
1 15434
1 12679
1 13372
1 10669
1 25731
1 9402
1 10276
1 18001
1 12038
1 13690
1 3604
1 7430
1 24225
1 5693
1 19589
1 14902
1 16872
1 20764
1 5322
1 10516
1 3825
1 6075
1 7144
1 9047
1 16169
1 8535
1 24780
1 17782
1 15697
1 23072
1 24088
1 4806
1 19487
1 20653
1 24588
1 24381
1 1741
1 19659
1 3016
1 17851
1 5708
1 17174
1 839
1 19092
1 6418
1 11579
1 16703
1 10119
1 8617
1 15694
1 12776
1 19590
1 8294
1 24208
1 23776
1 17130
1 15590
1 4572
1 16242
1 16826
1 3979
1 4275
1 25825
1 16278
1 8211
1 1065
1 17396
1 1749
1 16694
1 4811
1 9065
1 17946
1 2584
1 13433
1 3665
1 22354
1 18544
1 11616
1 9069
1 9381
1 22843
1 10850
1 19181
1 322
1 25103
1 11715
1 8628
1 6045
1 2195
1 43
1 14763
1 9020
1 1813
1 6775
1 6602
1 23148
1 17672
1 12025
1 12078
1 15894
1 11810
1 16208
1 1655
1 25709
1 1799
1 18363
1 24142
1 24053
1 18965
1 849
1 18048
1 5165
1 22851
1 25873
1 14483
1 7285
1 16482
1 15255
1 23862
1 19453
1 15078
1 15595
1 4710
1 25513
1 8820
1 15504
1 20238
1 12874
1 11718
1 20242
1 3386
1 1878
1 23055
1 14744
1 15143
1 22152
1 15039
1 10805
1 14851
1 13926
1 21484
1 138
1 19345
1 18634
1 25096
1 13639
1 23577
1 4080
1 15477
1 10406
1 21076
1 20737
1 9571
1 5436
1 20567
1 20884
1 25927
1 5058
1 25051
1 9867
1 8482
1 6235
1 9627
1 12386
1 5540
1 13292
1 2395
1 11867
1 2581
1 5818
1 1512
1 17028
1 11449
1 2493
1 1825
1 20571
1 15258
1 21785
1 7070
1 24764
1 20053
1 6686
1 25516
1 22266
1 10853
1 3016
1 16793
1 9124
1 19652
1 21895
1 10043
1 13609
1 9104
1 21215
1 15864
1 138
1 8648
1 4447
1 17865
1 1934
1 23487
1 20525
1 14705
1 2582
1 14435
1 16986
1 5215
1 8865
1 15281
1 12921
1 16573
1 12098
1 14140
1 4710
1 4555
1 14700
1 25125
1 17637
1 11358
1 19298
1 5259
1 6092
1 199
1 19133
1 23984
1 19785
1 11877
1 11433
1 16694
1 14605
1 17788
1 11699
1 18558
1 20242
1 22049
1 24454
1 15284
1 12636
1 2777
1 2266
1 4560
1 4970
1 21637
1 1022
1 3709
1 7884
1 11021
1 23472
1 20148
1 25513
1 12231
1 4893
1 8217
1 4131
1 9626
1 1957
1 12076
1 15242
1 5335
1 12679
1 9363
1 24460
1 11463
1 7120
1 15668
1 19621
1 8775
1 2867
1 16914
1 7402
1 19544
1 24547
1 20437
1 10793
1 5175
1 10337
1 8303
1 24016
1 3898
1 23391
1 337
1 22835
1 8734
1 25541
1 13833
1 5281
1 8299
1 16402
1 19633
1 22875
1 22857
1 10748
1 4338
1 21196
1 20629
1 14541
1 1093
1 10679
1 13855
1 2749
1 5438
1 15791
1 23689
1 9350
1 19962
1 21938
1 18383
1 12040
1 1634
1 20118
1 11427
1 3047
1 11170
1 2323
1 19004
1 12225
1 9778
1 14686
1 6106
1 17556
1 16609
1 19951
1 18775
1 4936
1 7691
1 2581
1 23409
1 11377
1 730
1 20402
1 14828
1 23300
1 10293
1 23374
1 18141
1 5250
1 3418
1 14746
1 679
1 20435
1 16369
1 16625
1 9171
1 16719
1 10809
1 17861
1 10449
1 15125
1 2540
1 19092
1 22889
1 14461
1 11647
1 23811
1 19937
1 25922
1 16067
1 6916
1 10436
1 22908
1 13103
1 16556
1 2457
1 2742
1 24456
1 7536
1 39
1 12541
1 23485
1 18420
1 9222
1 18134
1 17949
1 20653
1 5248
1 7333
1 561
1 17229
1 24672
1 4887
1 23313
1 16694
1 5297
1 11880
1 11021
1 19413
1 13666
1 17487
1 24041
1 11729
1 4849
1 24669
1 10674
1 1024
1 24199
1 6975
1 15137
1 3883
1 22768
1 2762
1 8924
1 23026
1 1823
1 6174
1 21851
1 25181
1 14091
1 19306
1 8311
1 2160
1 21701
1 6937
1 3989
1 15601
1 11780
1 2660
1 8290
1 2048
1 17623
1 25196
1 23242
1 22889
1 12215
1 24751
1 3224
1 3451
1 395
1 8547
1 5129
1 11521
1 15854
1 20348
1 15307
1 5540
1 10089
1 21366
1 21826
1 9021
1 9681
1 23055
1 24710
1 337
1 3499
1 7776
1 9400
1 3008
1 23836
1 21747
1 22316
1 8434
1 16148
1 1793
1 11844
1 9146
1 24219
1 3679
1 25675
1 7169
1 7171
1 2088
1 8263
1 16826
1 20585
1 19705
1 24870
1 10854
1 22027
1 10990
1 9109
1 8331
1 8205
1 12100
1 23960
1 7291
1 23410
1 8552
1 22027
1 44
1 21331
1 25418
1 5667
1 10689
1 16254
1 6092
1 15054
1 16694
1 12952
1 10990
1 927
1 1314
1 17646
1 25411
1 20450
1 11769
1 15502
1 11825
1 25964
1 19774
1 25816
1 11095
1 9778
1 3332
1 25418
1 2789
1 1870
1 20043
1 20733
1 9756
1 7360
1 24606
1 7031
1 19131
1 6475
1 19834
1 9699
1 8576
1 23456
1 24501
1 4611
1 1743
1 333
1 4876
1 14702
1 2208
1 21279
1 2172
1 11728
1 20487
1 2320
1 11867
1 7041
1 6484
1 5955
1 10011
1 18682
1 20773
1 22284
1 25424
1 12679
1 23456
1 22255
1 413
1 20043
1 22140
1 21667
1 20351
1 16929
1 14836
1 24938
1 15615
1 23648
1 10074
1 12601
1 9571
1 8368
1 14651
1 9222
1 19449
1 307
1 3742
1 11552
1 13166
1 22129
1 14350
1 25450
1 3696
1 5808
1 25650
1 6226
1 16557
1 17684
1 12033
1 13671
1 18608
1 16550
1 18766
1 13002
1 19246
1 12027
1 11918
1 12315
1 6141
1 5815
1 3433
1 19984
1 14205
1 11572
1 18630
1 23397
1 23128
1 17886
1 9495
1 16432
1 17845
1 18412
1 13278
1 5085
1 19898
1 10909
1 838
1 12267
1 11221
1 786
1 4520
1 23832
1 15953
1 903
1 17729
1 14421
1 1065
1 16175
1 16495
1 16971
1 3863
1 443
1 13467
1 11194
1 5756
1 20538
1 11360
1 19431
1 4780
1 13094
1 6172
1 15167
1 19659
1 5449
1 9014
1 1275
1 5788
1 9388
1 12493
1 19570
1 7147
1 21271
1 21630
1 6163
1 20468
1 12730
1 20857
1 16071
1 25624
1 15862
1 5910
1 2985
1 18919
1 25544
1 6817
1 13787
1 19457
1 3592
1 13109
1 25643
1 15186
1 12186
1 6388
1 23140
1 20985
1 19345
1 22937
1 6079
1 6431
1 17770
1 6756
1 9523
1 7615
1 19638
1 16984
1 9222
1 3131
1 24432
1 10032
1 17379
1 25678
1 18538
1 3478
1 16764
1 17149
1 24331
1 4970
1 9222
1 10800
1 18334
1 14530
1 5688
1 20714
1 6545
1 21266
1 21170
1 13795
1 2071
1 6956
1 19519
1 25097
1 1271
1 3797
1 8217
1 17473
1 23630
1 20465
1 7328
1 19854
1 11727
1 18698
1 17453
1 21502
1 2248
1 21528
1 12209
1 1234
1 10296
1 12552
1 12098
1 6537
1 17229
1 8628
1 8680
1 9502
1 16203
1 6174
1 3704
1 22889
1 15865
1 4296
1 21513
1 16005
1 18537
1 15339
1 16214
1 19659
1 15028
1 158
1 5261
1 18374
1 9430
1 12596
1 11572
1 19633
1 3093
1 4353
1 7578
1 10301
1 12697
1 11200
1 11600
1 1205
1 7713
1 20001
1 1123
1 9423
1 16482
1 672
1 772
1 23128
1 941
1 15950
1 11267
1 2638
1 23761
1 14902
1 17454
1 2629
1 2835
1 16941
1 6958
1 15779
1 9368
1 12112
1 22912
1 17275
1 21828
1 16539
1 162
1 11036
1 18419
1 20971
1 8571
1 7158
1 20727
1 4038
1 24560
1 8949
1 19251
1 22701
1 17856
1 15186
1 10669
1 20810
1 19590
1 9065
1 23405
1 4680
1 13318
1 17487
1 9526
1 5582
1 21233
1 672
1 18246
1 6071
1 13699
1 20449
1 25382
1 5146
1 12614
1 673
1 3445
1 19430
1 23945
1 25461
1 21578
1 8616
1 13644
1 16773
1 7302
1 23281
1 21458
1 5616
1 21713
1 25893
1 15692
1 25721
1 23690
1 13304
1 24884
1 6218
1 14669
1 20923
1 22271
1 22818
1 15130
1 25676
1 14104
1 13526
1 11510
1 10958
1 15336
1 14498
1 9222
1 16846
1 3722
1 20375
1 22877
1 11920
1 21191
1 4483
1 9431
1 13749
1 15733
1 1549
1 3183
1 3970
1 16300
1 13604
1 17487
1 10857
1 15878
1 15245
1 23881
1 16175
1 4107
1 9819
1 7643
1 1861
1 23507
1 22526
1 24354
1 3131
1 23897
1 6870
1 18832
1 16430
1 17148
1 25873
1 12025
1 4754
1 20450
1 9282
1 6654
1 21227
1 13389
1 15211
1 19772
1 17065
1 16386
1 1506
1 7874
1 19977
1 19788
1 6035
1 1835
1 4102
1 23290
1 8711
1 21710
1 18112
1 17650
1 13992
1 17559
1 16494
1 3486
1 3301
1 14407
1 99
1 13181
1 21672
1 13331
1 2110
1 9416
1 7581
1 11099
1 15318
1 12614
1 16694
1 13196
1 21621
1 13341
1 7771
1 680
1 3892
1 22322
1 25131
1 510
1 3187
1 8290
1 25513
1 23563
1 25968
1 17199
1 23929
1 25221
1 6916
1 24751
1 23382
1 14953
1 24753
1 9174
1 7422
1 10507
1 11670
1 19159
1 459
1 5991
1 11021
1 997
1 11662
1 12420
1 15166
1 12550
1 21214
1 9618
1 24581
1 18529
1 6136
1 10606
1 25602
1 4356
1 12236
1 18284
1 7345
1 11168
1 11471
1 19342
1 8810
1 19423
1 17225
1 16646
1 10117
1 3642
1 22658
1 21777
1 16544
1 18062
1 6798
1 9192
1 22999
1 20996
1 10586
1 12173
1 4072
1 25345
1 12983
1 4854
1 2527
1 10126
1 10324
1 13975
1 23630
1 2526
1 24740
1 12223
1 25817
1 883
1 1741
1 145
1 5444
1 16700
1 17568
1 15854
1 11869
1 16319
1 714
1 17113
1 10366
1 14401
1 14490
1 14223
1 19190
1 3000
1 23593
1 20985
1 20313
1 6389
1 11244
1 23376
1 17840
1 25873
1 8225
1 12168
1 18152
1 23313
1 8331
1 6413
1 13599
1 21564
1 18571
1 22091
1 5937
1 10324
1 6768
1 5217
1 15069
1 4574
1 19632
1 17113
1 25958
1 14740
1 13758
1 24142
1 15317
1 23832
1 12037
1 16285
1 22315
1 9895
1 22691
1 15143
1 1552
1 23343
1 6421
1 8052
1 20407
1 1735
1 21568
1 144
1 24105
1 849
1 4764
1 8918
1 19754
1 14433
1 13865
1 6198
1 12676
1 87
1 12317
1 12625
1 25191
1 5918
1 7969
1 9535
1 21092
1 10942
1 1960
1 19944
1 3265
1 715
1 11502
1 24654
1 8084
1 20961
1 8581
1 9455
1 22026
1 4866
1 10768
1 14391
1 21727
1 10429
1 7437
1 4754
1 9709
1 2886
1 2332
1 10756
1 1540
1 15149
1 12049
1 16773
1 6874
1 6978
1 8187
1 14158
1 6305
1 18420
1 21767
1 22625
1 5295
1 9070
1 6181
1 16979
1 6322
1 12520
1 12978
1 21130
1 16751
1 24867
1 17151
1 399
1 5322
1 3578
1 20132
1 18152
1 2160
1 7131
1 22539
1 12512
1 22242
1 13120
1 15605
1 4614
1 7637
1 10104
1 4547
1 21757
1 2671
1 2679
1 13326
1 8381
1 8625
1 2248
1 13236
1 12236
1 1607
1 13257
1 25555
1 670
1 20676
1 18158
1 9563
1 9617
1 5189
1 8798
1 15515
1 21618
1 25136
1 16235
1 21125
1 16623
1 7617
1 12093
1 18867
1 11038
1 15615
1 18529
1 18103
1 17047
1 25134
1 4560
1 1586
1 10401
1 5063
1 2625
1 1212
1 5788
1 9357
1 400
1 519
1 3892
1 25418
1 12662
1 21375
1 14604
1 5620
1 9222
1 22889
1 24139
1 17447
1 4276
1 17416
1 17487
1 20701
1 15914
1 5273
1 11521
1 15061
1 5618
1 5638
1 22986
1 9607
1 15797
1 24867
1 6927
1 7652
1 24116
1 1888
1 4296
1 20694
1 14930
1 22889
1 511
1 25951
1 16663
1 16505
1 9903
1 23806
1 17487
1 5565
1 10950
1 19959
1 12105
1 25314
1 15029
1 1631
1 19560
1 11839
1 13090
1 7553
1 11021
1 8421
1 17487
1 14143
1 14850
1 12325
1 24692
1 9495
1 1001
1 14790
1 17245
1 24142
1 20827
1 12054
1 13339
1 21464
1 17738
1 23498
1 19169
1 3886
1 14364
1 4640
1 3
1 3580
1 17895
1 20683
1 15243
1 12730
1 10669
1 13869
1 723
1 7358
1 12839
1 12508
1 9289
1 11700
1 18022
1 1124
1 15246
1 17646
1 6077
1 7827
1 22434
1 15714
1 3339
1 5414
1 5966
1 14700
1 13747
1 6485
1 23947
1 11716
1 8334
1 17510
1 12236
1 24321
1 6641
1 14438
1 13660
1 138
1 20517
1 5563
1 12683
1 16675
1 9827
1 17487
1 7292
1 23802
1 5880
1 20866
1 4320
1 7723
1 25958
1 7733
1 1438
1 8491
1 22243
1 3881
1 4291
1 5155
1 2099
1 20008
1 17216
1 22811
1 11511
1 9675
1 7317
1 22221
1 8331
1 6562
1 8362
1 3554
1 18864
1 17487
1 12025
1 7959
1 25083
1 7253
1 18864
1 18766
1 21854
1 4917
1 23716
1 14479
1 12050
1 25219
1 7892
1 3084
1 10019
1 20569
1 3303
1 21578
1 4614
1 2106
1 16686
1 24396
1 7649
1 4839
1 7598
1 11708
1 5196
1 11469
1 3101
1 24554
1 25938
1 19590
1 24142
1 21673
1 25680
1 24068
1 18976
1 19146
1 14889
1 7561
1 20383
1 12787
1 14888
1 3721
1 20538
1 3131
1 1463
1 24068
1 23086
1 18141
1 15791
1 15192
1 16424
1 4550
1 5345
1 11582
1 2389
1 13926
1 20129
1 9495
1 21739
1 18519
1 22505
1 16675
1 4710
1 11021
1 14455
1 25148
1 5183
1 9359
1 19279
1 3825
1 20534
1 5275
1 5518
1 22876
1 9571
1 2175
1 18767
1 23945
1 23865
1 16860
1 13257
1 4785
1 15195
1 14468
1 17857
1 4888
1 217
1 23507
1 8531
1 6774
1 3084
1 3413
1 7120
1 9222
1 11114
1 24892
1 8123
1 6284
1 10310
1 2248
1 715
1 15425
1 22676
1 13866
1 20237
1 24859
1 10254
1 1502
1 22516
1 3559
1 5302
1 4075
1 21711
1 9716
1 22901
1 2320
1 25914
1 6290
1 8266
1 24142
1 22609
1 2762
1 1367
1 25604
1 2481
1 25870
1 3334
1 1607
1 8642
1 16806
1 7416
1 19847
1 15407
1 9535
1 21594
1 16587
1 6013
1 21379
1 12098
1 5730
1 7348
1 13895
1 4950
1 8182
1 10385
1 12982
1 13599
1 1906
1 3328
1 16786
1 17487
1 22156
1 10236
1 10513
1 22737
1 3971
1 21202
1 23155
1 11840
1 2002
1 876
1 22893
1 2003
1 7855
1 9019
1 5240
1 13641
1 23871
1 2061
1 4984
1 12165
1 10516
1 18099
1 7740
1 19694
1 1455
1 9313
1 8216
1 13131
1 20945
1 5595
1 15911
1 7429
1 9937
1 15050
1 25863
1 8375
1 17684
1 18021
1 3347
1 970
1 15184
1 11718
1 14988
1 10117
1 22119
1 475
1 2381
1 2424
1 24929
1 6022
1 12863
1 23044
1 17388
1 355
1 12349
1 2149
1 11539
1 10324
1 8775
1 19863
1 20593
1 17487
1 6024
1 10515
1 19176
1 7654
1 22997
1 15083
1 9110
1 3092
1 3461
1 9495
1 13468
1 24344
1 7421
1 2875
1 25215
1 9601
1 19754
1 145
1 7975
1 13898
1 13712
1 22889
1 15521
1 3467
1 8267
1 12922
1 5305
1 18255
1 4585
1 13331
1 4860
1 999
1 20734
1 2381
1 772
1 22549
1 8565
1 15644
1 9088
1 7400
1 14155
1 19911
1 19074
1 23641
1 1474
1 1525
1 25597
1 2759
1 18440
1 13738
1 23408
1 15073
1 523
1 20694
1 8628
1 5721
1 25676
1 8189
1 25017
1 1709
1 3179
1 5960
1 1054
1 6914
1 12841
1 8778
1 5929
1 22479
1 684
1 2190
1 24441
1 19110
1 11497
1 15537
1 17931
1 21073
1 22598
1 10011
1 9613
1 9547
1 2815
1 4190
1 15628
1 21469
1 4243
1 23963
1 18630
1 3321
1 19940
1 6092
1 7592
1 10669
1 138
1 17983
1 19244
1 25885
1 16479
1 22124
1 516
1 25297
1 5884
1 4986
1 25702
1 9955
1 25874
1 25671
1 17309
1 10349
1 22925
1 16820
1 25781
1 7421
1 18141
1 10800
1 22980
1 9558
1 20330
1 8756
1 12025
1 16530
1 22631
1 4637
1 3443
1 16048
1 13566
1 13609
1 19403
1 19865
1 5701
1 15407
1 15010
1 11807
1 9363
1 6714
1 18391
1 4275
1 20826
1 775
1 22014
1 10942
1 9981
1 12007
1 10521
1 5669
1 15099
1 21681
1 20248
1 4489
1 173
1 2762
1 10027
1 1501
1 4376
1 4569
1 6638
1 17710
1 17809
1 9034
1 6320
1 17487
1 24541
1 25551
1 245
1 13855
1 18358
1 20826
1 23790
1 4453
1 12070
1 3993
1 1044
1 14196
1 3989
1 13992
1 6122
1 15094
1 21331
1 14100
1 23071
1 24672
1 19865
1 1047
1 22889
1 22699
1 19636
1 15138
1 14547
1 10675
1 2954
1 15284
1 1275
1 6272
1 12250
1 2010
1 4710
1 17159
1 1790
1 7330
1 25929
1 15274
1 2503
1 15864
1 140
1 153
1 6641
1 10276
1 17487
1 10493
1 10487
1 15287
1 21827
1 19517
1 8328
1 5431
1 14637
1 5401
1 24142
1 19922
1 10645
1 17839
1 22480
1 358
1 20435
1 9054
1 23135
1 22028
1 1531
1 10524
1 12512
1 20961
1 1202
1 20552
1 1823
1 2379
1 4661
1 12040
1 20622
1 15403
1 11162
1 10611
1 20678
1 21707
1 23668
1 22516
1 12872
1 15637
1 623
1 23944
1 1469
1 876
1 21052
1 4708
1 24672
1 14930
1 264
1 8495
1 22394
1 12221
1 6705
1 3905
1 844
1 12410
1 9217
1 7422
1 144
1 25194
1 13036
1 2642
1 3190
1 8182
1 25865
1 24611
1 21860
1 11572
1 11196
1 24561
1 6170
1 8682
1 23507
1 5778
1 2013
1 659
1 17487
1 5369
1 12189
1 2059
1 7300
1 12076
1 16175
1 6734
1 20537
1 20788
1 2357
1 24751
1 11083
1 277
1 20739
1 22945
1 17710
1 4611
1 11320
1 7374
1 3559
1 7324
1 11367
1 5332
1 18234
1 24180
1 16234
1 3395
1 14828
1 18878
1 5677
1 16079
1 16801
1 4015
1 21005
1 11882
1 969
1 7208
1 23506
1 3264
1 6810
1 516
1 25455
1 15615
1 6719
1 18863
1 13599
1 2943
1 19991
1 18895
1 24142
1 1277
1 14697
1 10117
1 18524
1 13599
1 23730
1 25709
1 15783
1 19190
1 9853
1 9381
1 6412
1 9712
1 11655
1 12874
1 17487
1 460
1 3476
1 17700
1 318
1 11323
1 13913
1 21631
1 8859
1 25321
1 7444
1 12189
1 682
1 24427
1 17218
1 15157
1 11635
1 16627
1 16506
1 22805
1 9598
1 13324
1 19510
1 22852
1 20784
1 18484
1 2140
1 8603
1 7934
1 8051
1 23941
1 20961
1 13056
1 4243
1 17794
1 712
1 4300
1 4992
1 16311
1 24879
1 22986
1 4196
1 17564
1 21075
1 22119
1 10647
1 18670
1 12059
1 15061
1 8432
1 3117
1 24363
1 20391
1 18500
1 3884
1 20305
1 3416
1 252
1 25873
1 5823
1 5518
1 17685
1 14026
1 10552
1 7989
1 120
1 3989
1 23178
1 15184
1 16820
1 5087
1 21458
1 19470
1 25199
1 22021
1 356
1 15505
1 24879
1 1374
1 9355
1 23488
1 2248
1 10324
1 23743
1 10204
1 11299
1 21524
1 21681
1 10515
1 3993
1 2527
1 22040
1 8292
1 8762
1 25472
1 22854
1 17985
1 1332
1 8331
1 23607
1 954
1 14233
1 15053
1 21479
1 16083
1 7924
1 7799
1 15110
1 12608
1 19629
1 23410
1 6270
1 1334
1 10092
1 23003
1 12125
1 11773
1 21485
1 9038
1 257
1 9867
1 6192
1 13237
1 21804
1 13026
1 19464
1 13877
1 25940
1 19201
1 23685
1 8407
1 11594
1 19007
1 3827
1 25530
1 11736
1 13662
1 17474
1 1338
1 24672
1 14652
1 6602
1 4594
1 10192
1 19818
1 18360
1 24164
1 22522
1 650
1 12093
1 22881
1 10800
1 23360
1 11701
1 20494
1 10117
1 400
1 23618
1 16643
1 1040
1 22748
1 8142
1 16148
1 24527
1 684
1 14395
1 21076
1 6241
1 21156
1 16484
1 25003
1 22315
1 16096
1 20961
1 887
1 16529
1 2058
1 24904
1 7128
1 15127
1 17080
1 17591
1 18541
1 1370
1 9813
1 13751
1 4310
1 9092
1 17775
1 8182
1 23075
1 7180
1 6735
1 5734
1 2644
1 14757
1 4109
1 7634
1 11764
1 22516
1 1394
1 9222
1 13257
1 22889
1 8310
1 15137
1 1423
1 20698
1 3896
1 3266
1 17036
1 1043
1 12115
1 10941
1 1415
1 2310
1 15203
1 7933
1 13578
1 7421
1 5788
1 15502
1 21932
1 21720
1 25968
1 715
1 18630
1 4550
1 13292
1 14093
1 24398
1 1411
1 2061
1 6831
1 11574
1 9368
1 4710
1 13551
1 18329
1 12247
1 3898
1 8564
1 19280
1 5866
1 24240
1 12098
1 20985
1 9571
1 1506
1 23853
1 13762
1 6491
1 20815
1 21647
1 4554
1 2445
1 16015
1 14153
1 15285
1 7653
1 5210
1 23950
1 17789
1 15275
1 24965
1 17124
1 7252
1 9704
1 18328
1 7178
1 21069
1 2855
1 9162
1 12792
1 11824
1 13578
1 13824
1 25873
1 23947
1 15061
1 3505
1 5668
1 1608
1 7752
1 15540
1 12636
1 7104
1 11290
1 18348
1 16319
1 20841
1 22516
1 21408
1 5129
1 563
1 24475
1 9303
1 10669
1 9423
1 15061
1 23422
1 19862
1 23300
1 22522
1 25258
1 8636
1 16345
1 19124
1 11281
1 11133
1 4080
1 20695
1 15692
1 2874
1 16374
1 17509
1 24199
1 7009
1 11052
1 8217
1 17953
1 18537
1 18440
1 2190
1 860
1 6079
1 9495
1 4434
1 9820
1 17906
1 3752
1 12386
1 17047
1 14881
1 786
1 12158
1 6033
1 18756
1 14093
1 97
1 25847
1 9222
1 14686
1 19111
1 4524
1 23612
1 19175
1 25746
1 15955
1 8082
1 16213
1 23704
1 9222
1 15280
1 143
1 12644
1 25240
1 22677
1 11521
1 9276
1 5905
1 14044
1 25094
1 16625
1 3989
1 11852
1 4310
1 16178
1 20733
1 25487
1 13912
1 25412
1 6609
1 17576
1 25189
1 20694
1 2791
1 5214
1 24456
1 18536
1 17702
1 6312
1 2762
1 2544
1 9668
1 22539
1 6455
1 18544
1 12395
1 13869
1 14831
1 5129
1 19383
1 398
1 5040
1 15732
1 7368
1 2671
1 18015
1 13599
1 24398
1 13130
1 15862
1 9357
1 3005
1 3892
1 6173
1 19432
1 5696
1 12193
1 10990
1 17705
1 1216
1 24401
1 16559
1 22224
1 11046
1 14746
1 8257
1 19865
1 23499
1 23642
1 23600
1 9582
1 7782
1 2674
1 13314
1 22129
1 13942
1 23336
1 560
1 3625
1 3704
1 1339
1 5163
1 21415
1 20510
1 18604
1 16716
1 3592
1 20982
1 906
1 23466
1 23485
1 18572
1 12634
1 3704
1 11776
1 19865
1 4805
1 10942
1 24898
1 19156
1 24090
1 19928
1 3435
1 11536
1 17908
1 57
1 6767
1 13211
1 15280
1 3237
1 22604
1 11552
1 24427
1 9396
1 25873
1 7285
1 15476
1 8166
1 5788
1 9548
1 19484
1 15542
1 5038
1 1211
1 24298
1 23242
1 22781
1 24398
1 1012
1 18604
1 21106
1 9664
1 2336
1 3224
1 2119
1 3592
1 5747
1 20307
1 14448
1 1870
1 15608
1 11316
1 12888
1 14590
1 2508
1 14960
1 13746
1 9971
1 17125
1 25881
1 22109
1 21196
1 15184
1 13630
1 10017
1 15201
1 18226
1 10065
1 22631
1 11251
1 10167
1 23794
1 13233
1 17487
1 17387
1 22388
1 20727
1 16694
1 14688
1 2416
1 16145
1 4590
1 20364
1 13331
1 22567
1 17487
1 20337
1 6700
1 24456
1 5730
1 8331
1 10073
1 10324
1 11752
1 23864
1 16709
1 22459
1 22937
1 1304
1 8197
1 10983
1 9465
1 9940
1 21774
1 15460
1 24173
1 21133
1 24060
1 20173
1 715
1 11557
1 19959
1 13619
1 18006
1 13737
1 21018
1 3117
1 9987
1 16351
1 12942
1 4333
1 11438
1 10947
1 11640
1 23482
1 9906
1 19162
1 17487
1 153
1 9524
1 3943
1 22183
1 10061
1 2781
1 10671
1 14059
1 21513
1 25707
1 9737
1 5996
1 25756
1 25864
1 21076
1 5414
1 15296
1 18212
1 22413
1 22699
1 1600
1 287
1 4052
1 17699
1 2304
1 217
1 12541
1 7528
1 23012
1 14666
1 16413
1 19186
1 2924
1 22505
1 24564
1 4415
1 6612
1 22519
1 15065
1 24605
1 16414
1 16486
1 18472
1 22910
1 6981
1 25593
1 15854
1 92
1 23709
1 1897
1 12884
1 13092
1 12295
1 20784
1 25189
1 8560
1 2443
1 12887
1 14630
1 23706
1 13751
1 334
1 11897
1 12054
1 287
1 17015
1 21911
1 4718
1 3329
1 17962
1 17510
1 4785
1 24825
1 72
1 25288
1 10166
1 15294
1 7914
1 9219
1 9741
1 4669
1 12342
1 13879
1 12112
1 18859
1 10063
1 12619
1 8094
1 6182
1 20900
1 15875
1 6266
1 13812
1 17036
1 15959
1 11583
1 9369
1 16941
1 5788
1 10744
1 10513
1 13524
1 20660
1 12341
1 19998
1 8257
1 1423
1 21006
1 18630
1 6916
1 1888
1 7453
1 6705
1 3166
1 1654
1 16284
1 24534
1 16694
1 21470
1 4338
1 6747
1 9526
1 22041
1 2526
1 3907
1 11020
1 19854
1 906
1 6913
1 16434
1 16463
1 3386
1 5342
1 3014
1 15015
1 7444
1 22889
1 6790
1 15053
1 14325
1 25135
1 13065
1 8059
1 18157
1 24714
1 18639
1 19482
1 9483
1 13578
1 20364
1 22722
1 2110
1 15773
1 4223
1 20217
1 9222
1 5344
1 6435
1 16884
1 7819
1 17573
1 9601
1 10942
1 3116
1 22516
1 12736
1 8331
1 17990
1 13853
1 23580
1 22915
1 11610
1 13210
1 8084
1 6721
1 6420
1 24552
1 4695
1 561
1 21220
1 15404
1 6365
1 2482
1 5665
1 1957
1 21258
1 9664
1 18592
1 7846
1 19790
1 25841
1 3964
1 11076
1 18755
1 11021
1 22889
1 20301
1 14842
1 4372
1 15137
1 2780
1 2681
1 10950
1 829
1 23422
1 12332
1 24199
1 11718
1 7180
1 10074
1 3755
1 23693
1 8982
1 6354
1 15291
1 7716
1 11566
1 19372
1 8804
1 23879
1 243
1 10949
1 4779
1 15296
1 18775
1 22539
1 6226
1 18328
1 16625
1 13198
1 12625
1 12787
1 21394
1 17961
1 12614
1 8601
1 3565
1 18440
1 8257
1 6167
1 2248
1 8145
1 16170
1 21458
1 9553
1 2077
1 5568
1 9607
1 11138
1 1739
1 15336
1 23071
1 4355
1 23605
1 22552
1 17461
1 1131
1 3571
1 3708
1 5057
1 2671
1 7343
1 17674
1 2381
1 24693
1 1834
1 21707
1 1885
1 15960
1 8962
1 15918
1 5949
1 17801
1 13679
1 6226
1 7816
1 15137
1 22516
1 677
1 19989
1 13528
1 9192
1 20173
1 13784
1 7320
1 24166
1 21343
1 16055
1 10445
1 17487
1 25225
1 3070
1 1246
1 16254
1 10552
1 7120
1 6282
1 7190
1 12901
1 22119
1 4633
1 23960
1 12163
1 21234
1 5344
1 2904
1 8325
1 17425
1 3202
1 17552
1 11867
1 9701
1 22618
1 2583
1 6897
1 13599
1 22807
1 4611
1 4016
1 7031
1 11521
1 8199
1 9431
1 21633
1 12816
1 10213
1 10199
1 21944
1 22036
1 10011
1 138
1 8005
1 12197
1 1921
1 24485
1 8793
1 1463
1 15222
1 12043
1 18328
1 9014
1 12989
1 8331
1 11154
1 3797
1 22635
1 8918
1 14187
1 1483
1 10284
1 8006
1 2478
1 3742
1 1374
1 5155
1 2990
1 1323
1 2516
1 24904
1 23724
1 4761
1 6946
1 18298
1 24955
1 3898
1 13501
1 9168
1 11438
1 22711
1 24031
1 481
1 14256
1 8189
1 17644
1 2681
1 6815
1 13741
1 11763
1 12039
1 23942
1 4374
1 1488
1 16835
1 20162
1 21515
1 13257
1 23485
1 9709
1 16312
1 9741
1 8195
1 25165
1 11158
1 2204
1 9481
1 16389
1 9786
1 20064
1 15894
1 10038
1 13751
1 1981
1 9432
1 9660
1 19886
1 8576
1 19832
1 6458
1 224
1 4711
1 5235
1 15628
1 12217
1 23562
1 17675
1 14075
1 13066
1 7843
1 11083
1 7970
1 25084
1 12250
1 11143
1 17699
1 120
1 12541
1 7027
1 25536
1 23428
1 9620
1 2084
1 4747
1 23393
1 12224
1 15716
1 5555
1 2517
1 19959
1 12736
1 1558
1 22079
1 17616
1 8982
1 3155
1 4606
1 19111
1 16862
1 16320
1 16496
1 13858
1 1879
1 13844
1 10337
1 15545
1 21637
1 19478
1 11099
1 1963
1 25585
1 20292
1 20694
1 11574
1 2835
1 10054
1 2991
1 6303
1 24401
1 11359
1 21076
1 16750
1 8074
1 10800
1 17036
1 10311
1 10293
1 18605
1 24823
1 15479
1 8912
1 15505
1 2248
1 19754
1 23076
1 18015
1 12025
1 25335
1 9856
1 5550
1 20960
1 9526
1 20528
1 11062
1 12418
1 7448
1 780
1 16702
1 11330
1 16507
1 13854
1 24694
1 9067
1 1506
1 3386
1 1160
1 17611
1 17702
1 6986
1 14478
1 13751
1 17819
1 519
1 23705
1 13578
1 1291
1 10817
1 13501
1 18662
1 24754
1 7869
1 6618
1 25841
1 2643
1 14357
1 5663
1 22026
1 13444
1 21073
1 3836
1 5982
1 12067
1 10136
1 18328
1 4675
1 20859
1 5553
1 8710
1 23300
1 19548
1 20337
1 23055
1 12071
1 12098
1 6270
1 10095
1 14447
1 18373
1 18592
1 9222
1 18583
1 7744
1 17848
1 24046
1 8695
1 23767
1 21682
1 22889
1 8199
1 24396
1 13881
1 1024
1 20071
1 2248
1 19221
1 1107
1 16035
1 348
1 20941
1 13599
1 12874
1 24987
1 23794
1 8576
1 24724
1 15107
1 22329
1 13922
1 16485
1 25933
1 4400
1 8331
1 11312
1 24935
1 23865
1 15911
1 24534
1 9571
1 19915
1 400
1 4252
1 7806
1 13953
1 14994
1 1506
1 6914
1 1052
1 1476
1 21249
1 21429
1 20451
1 12958
1 5992
1 13799
1 4414
1 7955
1 24103
1 7801
1 16827
1 3901
1 11200
1 12377
1 13599
1 15944
1 9400
1 17410
1 4875
1 456
1 22634
1 19959
1 699
1 8299
1 16138
1 4028
1 25376
1 22134
1 4019
1 3211
1 24087
1 21092
1 6893
1 11368
1 2289
1 13845
1 10718
1 14093
1 15432
1 6548
1 4570
1 4030
1 4987
1 4785
1 6945
1 25300
1 2404
1 13156
1 22221
1 16996
1 21285
1 5610
1 495
1 22804
1 17817
1 25658
1 17437
1 23566
1 6661
1 23417
1 1138
1 3301
1 6774
1 25676
1 13807
1 4604
1 6649
1 10749
1 20945
1 4792
1 2267
1 16623
1 25631
1 18019
1 16294
1 9222
1 4901
1 12598
1 17653
1 14168
1 8013
1 6313
1 4839
1 8891
1 17669
1 1941
1 19855
1 4161
1 23777
1 7408
1 7382
1 9495
1 8397
1 19078
1 10760
1 8257
1 1761
1 22026
1 3701
1 3879
1 1380
1 16351
1 19786
1 179
1 13714
1 9495
1 13290
1 20246
1 15137
1 10500
1 2239
1 15415
1 906
1 2943
1 4129
1 20242
1 24612
1 3626
1 21673
1 11437
1 21075
1 9894
1 23646
1 11098
1 13754
1 12688
1 21073
1 9903
1 5582
1 5778
1 8101
1 15033
1 1368
1 12091
1 6914
1 6908
1 23287
1 7447
1 21699
1 24989
1 390
1 23552
1 15186
1 1823
1 2841
1 18500
1 24924
1 25001
1 5788
1 3131
1 17054
1 17659
1 3592
1 8741
1 17567
1 14223
1 22851
1 22348
1 4028
1 14730
1 14693
1 13599
1 2876
1 4726
1 6578
1 9981
1 25664
1 20733
1 51
1 21003
1 5070
1 6233
1 3306
1 15632
1 1048
1 13430
1 10481
1 25928
1 17487
1 23250
1 7584
1 13599
1 10324
1 7194
1 153
1 12621
1 23569
1 4754
1 4906
1 12346
1 23507
1 25749
1 11388
1 15500
1 4488
1 24847
1 9495
1 22769
1 22437
1 12189
1 16343
1 16432
1 25920
1 9222
1 10546
1 4627
1 18767
1 4997
1 3626
1 15105
1 2567
1 5797
1 4022
1 9431
1 23546
1 6260
1 18737
1 24638
1 17487
1 3000
1 23341
1 9386
1 16047
1 2815
1 4010
1 11257
1 902
1 7447
1 14495
1 21792
1 22609
1 18669
1 5107
1 17267
1 17820
1 11407
1 2184
1 6774
1 9236
1 22823
1 6312
1 20725
1 23990
1 2644
1 4568
1 19024
1 5582
1 14631
1 370
1 16675
1 25223
1 21270
1 10240
1 25638
1 21
1 9872
1 16191
1 10800
1 20002
1 8006
1 19849
1 15507
1 15319
1 144
1 24055
1 8838
1 9197
1 7120
1 10809
1 2457
1 9603
1 24142
1 5801
1 14941
1 18682
1 24852
1 23649
1 25575
1 21647
1 9431
1 2177
1 21831
1 633
1 21478
1 17247
1 6258
1 2853
1 23608
1 21330
1 22889
1 16557
1 23643
1 9981
1 9222
1 24427
1 8777
1 3386
1 500
1 409
1 20638
1 25787
1 3584
1 1191
1 2433
1 20695
1 18328
1 14982
1 9104
1 16351
1 9906
1 12349
1 22608
1 10410
1 24519
1 16070
1 8375
1 3587
1 5038
1 1423
1 7338
1 12642
1 1722
1 675
1 22284
1 1799
1 9664
1 7064
1 9222
1 23441
1 8628
1 7113
1 4754
1 25015
1 715
1 10565
1 4626
1 20823
1 13791
1 18319
1 8628
1 11964
1 11757
1 9853
1 17340
1 8210
1 24530
1 14561
1 1228
1 8648
1 13278
1 22027
1 19139
1 4987
1 8141
1 5066
1 6389
1 9881
1 752
1 11743
1 21739
1 19844
1 24231
1 4754
1 8899
1 24142
1 24404
1 775
1 5572
1 18585
1 18585
1 24938
1 7784
1 16254
1 11093
1 22516
1 12069
1 4420
1 11385
1 15823
1 18820
1 25220
1 1592
1 10478
1 19865
1 1506
1 3558
1 4472
1 13303
1 8901
1 15722
1 13248
1 12299
1 24360
1 19792
1 19751
1 12599
1 22804
1 4002
1 6916
1 20651
1 13639
1 9355
1 9478
1 11828
1 4899
1 4987
1 22568
1 9268
1 2796
1 9571
1 17007
1 24945
1 19533
1 17940
1 21906
1 23456
1 23555
1 10819
1 22870
1 14161
1 18856
1 16557
1 2197
1 8387
1 11936
1 6521
1 1212
1 20641
1 2478
1 21705
1 17284
1 23667
1 24427
1 17940
1 176
1 19490
1 15878
1 6055
1 3935
1 16846
1 11004
1 18544
1 12012
1 24389
1 3201
1 771
1 9495
1 17487
1 23242
1 11337
1 13668
1 11814
1 22992
1 25184
1 8183
1 718
1 20858
1 3994
1 846
1 25619
1 25432
1 20093
1 23472
1 17654
1 23768
1 17248
1 17733
1 11809
1 5117
1 19372
1 12025
1 1474
1 17527
1 7344
1 13963
1 19633
1 10800
1 3308
1 11158
1 3625
1 5755
1 17386
1 5550
1 20009
1 15628
1 444
1 9939
1 13751
1 13257
1 12246
1 1440
1 16308
1 24904
1 8189
1 10013
1 1475
1 21490
1 22889
1 13599
1 9350
1 6738
1 471
1 17847
1 10095
1 14609
1 10483
1 9159
1 9222
1 17948
1 7784
1 9242
1 2982
1 15477
1 684
1 20844
1 22804
1 18526
1 11628
1 13339
1 15914
1 21592
1 2454
1 1103
1 9972
1 21588
1 8436
1 16333
1 10513
1 4353
1 10883
1 2990
1 17674
1 4691
1 10232
1 10137
1 20756
1 832
1 11154
1 25579
1 25816
1 14153
1 6151
1 1901
1 20571
1 5163
1 13624
1 18676
1 8707
1 13771
1 25297
1 15786
1 21070
1 9153
1 25214
1 5189
1 15788
1 2520
1 18427
1 4801
1 7453
1 504
1 19306
1 16861
1 13016
1 3040
1 23887
1 23114
1 2056
1 9952
1 25652
1 19017
1 24053
1 19108
1 23814
1 5129
1 25168
1 24553
1 3361
1 5982
1 9526
1 18755
1 20064
1 9508
1 5665
1 500
1 9584
1 17970
1 25029
1 7865
1 2753
1 22204
1 3386
1 9961
1 15911
1 25914
1 714
1 6106
1 17487
1 7808
1 4058
1 9678
1 21929
1 19784
1 249
1 764
1 11212
1 20706
1 9416
1 12600
1 14803
1 20160
1 11561
1 10990
1 23694
1 13599
1 16068
1 5331
1 8820
1 19878
1 1383
1 6324
1 6284
1 25057
1 5279
1 11240
1 851
1 13328
1 6369
1 12749
1 17487
1 13142
1 5610
1 9757
1 17
1 2083
1 19330
1 12178
1 6567
1 12236
1 2674
1 5950
1 9599
1 6528
1 2431
1 11966
1 4394
1 16937
1 22003
1 11895
1 12882
1 3239
1 17658
1 23393
1 10011
1 9285
1 14261
1 5306
1 2531
1 9197
1 14565
1 18306
1 21278
1 15530
1 19124
1 5730
1 4904
1 11514
1 11867
1 22027
1 12790
1 355
1 9762
1 13977
1 7447
1 19680
1 6659
1 5273
1 22242
1 4109
1 3862
1 5983
1 11628
1 10296
1 17065
1 21384
1 16319
1 21196
1 15094
1 10942
1 2853
1 16633
1 11338
1 10276
1 22810
1 5933
1 10117
1 10102
1 7285
1 13342
1 19413
1 4423
1 19797
1 17738
1 7374
1 15396
1 11727
1 21628
1 25906
1 24427
1 2172
1 1232
1 8960
1 14493
1 4019
1 12841
1 7584
1 13082
1 19594
1 12100
1 20384
1 9344
1 7874
1 18532
1 9426
1 13456
1 5259
1 25418
1 5550
1 16158
1 18804
1 5893
1 6672
1 11934
1 1825
1 13904
1 3045
1 2833
1 12129
1 10768
1 2613
1 15370
1 14730
1 23828
1 6888
1 15228
1 17762
1 19494
1 13583
1 22961
1 14117
1 12913
1 9644
1 193
1 24526
1 10538
1 20941
1 14541
1 11713
1 15369
1 12855
1 22314
1 7383
1 20571
1 16450
1 16707
1 13465
1 6038
1 4453
1 1347
1 5240
1 23729
1 1281
1 435
1 21486
1 1506
1 14747
1 25667
1 25491
1 24614
1 15854
1 13033
1 15515
1 19600
1 16260
1 3709
1 25057
1 25585
1 25825
1 6172
1 11569
1 17850
1 8269
1 13023
1 14742
1 7412
1 18890
1 539
1 14930
1 6161
1 10183
1 19590
1 16088
1 20727
1 13604
1 54
1 9803
1 20955
1 17318
1 21017
1 22290
1 25595
1 4960
1 382
1 18244
1 25873
1 9642
1 860
1 21666
1 17932
1 5083
1 8383
1 22539
1 2692
1 487
1 18422
1 17203
1 23055
1 21511
1 22651
1 9567
1 1598
1 1817
1 13618
1 20160
1 7164
1 16641
1 19190
1 15518
1 12037
1 11022
1 355
1 8398
1 1800
1 7373
1 6737
1 6664
1 14244
1 8759
1 15781
1 2728
1 11507
1 11462
1 27
1 14097
1 22040
1 10942
1 10506
1 24284
1 500
1 25735
1 108
1 5393
1 23055
1 18402
1 6978
1 13044
1 25709
1 5436
1 21681
1 2378
1 13992
1 16002
1 4674
1 23526
1 20306
1 8536
1 8165
1 18082
1 18215
1 25643
1 16706
1 10863
1 11846
1 8801
1 2053
1 15282
1 8295
1 23113
1 849
1 25776
1 4415
1 18129
1 24395
1 23999
1 5021
1 6364
1 21827
1 2054
1 22540
1 11905
1 3383
1 2548
1 400
1 11209
1 8299
1 960
1 20250
1 18246
1 3499
1 21073
1 21950
1 17325
1 5603
1 2021
1 1478
1 21806
1 3418
1 7815
1 14637
1 14095
1 3831
1 3301
1 2389
1 1450
1 14003
1 8865
1 16523
1 9358
1 12324
1 19245
1 5754
1 12181
1 13465
1 1490
1 13530
1 13180
1 12109
1 20951
1 12634
1 24033
1 3224
1 11000
1 2191
1 400
1 17487
1 16694
1 21578
1 24398
1 11107
1 10466
1 815
1 22769
1 23343
1 25709
1 15697
1 24967
1 10254
1 9190
1 13864
1 963
1 6921
1 6649
1 4561
1 10655
1 17070
1 21607
1 742
1 5472
1 17826
1 8886
1 7351
1 3080
1 20287
1 25211
1 14093
1 9696
1 25965
1 9982
1 16294
1 712
1 19659
1 23507
1 1044
1 9028
1 8862
1 25940
1 4556
1 25443
1 5165
1 21351
1 23026
1 18049
1 11270
1 6031
1 5746
1 10895
1 8198
1 11330
1 15358
1 22981
1 2738
1 8727
1 24990
1 8096
1 10637
1 3205
1 3892
1 7291
1 1905
1 7365
1 23055
1 15746
1 23356
1 17487
1 13069
1 9222
1 5038
1 7584
1 12611
1 1956
1 9096
1 5405
1 8290
1 2156
1 5324
1 918
1 17487
1 19801
1 9571
1 4357
1 1344
1 13578
1 25873
1 24605
1 12353
1 15246
1 18141
1 18091
1 4971
1 327
1 17384
1 3487
1 17846
1 6292
1 21827
1 471
1 15051
1 19923
1 21474
1 16793
1 14933
1 21265
1 6705
1 13690
1 16826
1 25217
1 2219
1 8040
1 3041
1 23452
1 19248
1 17146
1 20740
1 6772
1 20880
1 21073
1 8415
1 17637
1 22965
1 23175
1 5684
1 25223
1 18500
1 16504
1 21561
1 17487
1 13961
1 2909
1 4286
1 20717
1 13020
1 9778
1 9016
1 9231
1 6788
1 3760
1 18328
1 22921
1 22354
1 24639
1 14409
1 14252
1 16498
1 24068
1 6226
1 5325
1 22889
1 9356
1 4650
1 11006
1 9689
1 787
1 2808
1 9120
1 17248
1 22771
1 18864
1 23178
1 1846
1 138
1 9830
1 16557
1 2378
1 9865
1 3586
1 5985
1 23872
1 5175
1 11119
1 18592
1 22888
1 2660
1 8714
1 12893
1 18940
1 25395
1 535
1 11136
1 13599
1 10061
1 19080
1 6612
1 22354
1 25873
1 20801
1 20500
1 24168
1 18721
1 21681
1 10461
1 15522
1 904
1 19865
1 21308
1 3183
1 4350
1 12417
1 10611
1 21838
1 15504
1 19540
1 8535
1 16522
1 1012
1 16945
1 19192
1 6437
1 631
1 325
1 14951
1 17906
1 25934
1 13472
1 7850
1 20961
1 255
1 21164
1 17347
1 3381
1 12373
1 14726
1 12741
1 577
1 9484
1 25921
1 2612
1 24427
1 11314
1 4360
1 20364
1 21485
1 2003
1 874
1 23945
1 12317
1 10942
1 15221
1 7607
1 25924
1 3980
1 18174
1 17081
1 443
1 21727
1 786
1 11998
1 196
1 10989
1 9495
1 18441
1 25964
1 2581
1 19633
1 9571
1 13228
1 22652
1 1503
1 22647
1 18500
1 1579
1 1514
1 19898
1 3672
1 20490
1 7447
1 14576
1 16278
1 19092
1 21508
1 2245
1 15069
1 6817
1 12231
1 15431
1 4458
1 22516
1 23859
1 11368
1 6774
1 7746
1 17487
1 16807
1 9526
1 5649
1 11530
1 11640
1 4419
1 1338
1 23590
1 21274
1 4347
1 25031
1 15272
1 19268
1 12114
1 12188
1 25096
1 25664
1 18432
1 4780
1 19963
1 8155
1 15949
1 6401
1 12088
1 8663
1 6662
1 8929
1 2838
1 19038
1 3831
1 10669
1 19754
1 17980
1 18253
1 18608
1 13865
1 19590
1 11739
1 4754
1 24454
1 9903
1 15143
1 24017
1 15681
1 22167
1 8453
1 7574
1 13756
1 5178
1 10990
1 24385
1 13841
1 11537
1 17616
1 16694
1 16826
1 5808
1 9222
1 24978
1 9344
1 16319
1 13551
1 14770
1 542
1 25929
1 15531
1 18088
1 85
1 9873
1 13135
1 21100
1 1615
1 21076
1 9358
1 10209
1 24888
1 12164
1 6167
1 20205
1 23538
1 3164
1 10058
1 8473
1 17436
1 20941
1 12373
1 21755
1 21814
1 6483
1 15759
1 2483
1 22870
1 3084
1 1823
1 968
1 11296
1 1874
1 12626
1 10515
1 7528
1 3368
1 968
1 5977
1 17362
1 23057
1 356
1 8352
1 4087
1 9063
1 16862
1 18633
1 23379
1 99
1 20997
1 25015
1 2957
1 5778
1 22003
1 20064
1 16876
1 21417
1 18500
1 14251
1 4376
1 15333
1 19912
1 21672
1 25616
1 25001
1 25702
1 21578
1 19606
1 15332
1 22082
1 14293
1 18669
1 10305
1 16719
1 21617
1 2872
1 4580
1 23419
1 12316
1 7906
1 25555
1 25664
1 9222
1 19574
1 22698
1 6629
1 9801
1 4877
1 21485
1 6675
1 12215
1 18061
1 12189
1 19877
1 16846
1 1216
1 10809
1 10890
1 16408
1 24305
1 14678
1 2706
1 592
1 18328
1 18109
1 13922
1 15839
1 12533
1 7520
1 18133
1 13277
1 16363
1 24071
1 24185
1 17247
1 17920
1 3067
1 2244
1 23608
1 23419
1 9791
1 17388
1 16260
1 17703
1 20810
1 2977
1 10800
1 15873
1 21482
1 21292
1 3792
1 14078
1 1272
1 9222
1 13926
1 22276
1 17229
1 22548
1 5658
1 20823
1 19224
1 23419
1 24617
1 22027
1 16591
1 10274
1 631
1 9876
1 362
1 20072
1 5058
1 24806
1 22479
1 2513
1 25550
1 1212
1 23271
1 16202
1 984
1 19249
1 20468
1 1248
1 856
1 12685
1 25664
1 20800
1 24456
1 1358
1 21986
1 11030
1 18351
1 9307
1 21897
1 2610
1 8320
1 14193
1 13998
1 831
1 6585
1 5558
1 5114
1 10442
1 13037
1 25241
1 3303
1 6478
1 23321
1 18374
1 13917
1 3907
1 11677
1 16921
1 16412
1 22614
1 249
1 23480
1 2248
1 15716
1 2210
1 21540
1 4687
1 9511
1 16349
1 3624
1 3379
1 25213
1 19879
1 24571
1 406
1 3119
1 4101
1 14206
1 18859
1 21459
1 8407
1 25940
1 8257
1 21647
1 17387
1 15094
1 7031
1 25934
1 240
1 5386
1 23520
1 8929
1 20611
1 546
1 5788
1 16098
1 16125
1 3675
1 16345
1 24622
1 8507
1 14673
1 18563
1 11619
1 18790
1 21728
1 8406
1 21155
1 6013
1 7120
1 6641
1 4227
1 1851
1 17487
1 1691
1 13603
1 17583
1 10031
1 7874
1 25825
1 5296
1 22807
1 24718
1 1423
1 2640
1 11495
1 10217
1 5038
1 13510
1 9847
1 4307
1 21162
1 19139
1 6774
1 4575
1 13968
1 13804
1 13248
1 2159
1 840
1 12758
1 14682
1 23925
1 22889
1 15163
1 17642
1 24754
1 4415
1 24085
1 838
1 25264
1 6486
1 6543
1 4272
1 22582
1 21024
1 1759
1 16091
1 14412
1 18468
1 25923
1 899
1 932
1 6656
1 24345
1 24785
1 2457
1 22648
1 24142
1 24427
1 13875
1 18604
1 18666
1 5805
1 14687
1 6226
1 19114
1 16618
1 4788
1 14669
1 2977
1 4848
1 15186
1 4455
1 3451
1 5129
1 24713
1 13318
1 12012
1 1623
1 4970
1 16018
1 1721
1 8697
1 3036
1 1691
1 7272
1 22889
1 5661
1 21711
1 3016
1 21305
1 24142
1 13730
1 6566
1 12821
1 145
1 3016
1 21351
1 4937
1 7662
1 9431
1 18363
1 7513
1 17487
1 5484
1 1803
1 24784
1 13280
1 22223
1 17533
1 19865
1 8103
1 19360
1 12689
1 2967
1 4080
1 2625
1 13341
1 23990
1 22184
1 2478
1 13662
1 21166
1 3386
1 22854
1 15787
1 10948
1 20243
1 20468
1 15842
1 1259
1 20200
1 6970
1 21578
1 20835
1 24477
1 12096
1 22889
1 4970
1 24637
1 24427
1 8959
1 1919
1 16319
1 17553
1 23068
1 23395
1 24812
1 4088
1 5198
1 21168
1 10198
1 9778
1 20245
1 7085
1 14864
1 23996
1 23209
1 25673
1 25071
1 14813
1 7088
1 11994
1 23711
1 20801
1 8147
1 9778
1 24024
1 2018
1 15321
1 23703
1 14792
1 8839
1 20307
1 20985
1 7701
1 5472
1 21008
1 16730
1 13020
1 16264
1 10447
1 5977
1 22549
1 21431
1 10284
1 7526
1 6379
1 1826
1 23408
1 3113
1 22889
1 138
1 6455
1 3533
1 16421
1 10117
1 958
1 8852
1 14557
1 4738
1 9222
1 16990
1 16389
1 18981
1 436
1 11320
1 2671
1 18663
1 8237
1 18559
1 23990
1 19338
1 3227
1 16806
1 15857
1 22405
1 17949
1 19618
1 5165
1 8815
1 9308
1 236
1 8708
1 18979
1 1423
1 502
1 24553
1 8146
1 10642
1 13599
1 5921
1 1155
1 14914
1 8535
1 14275
1 13900
1 21919
1 21916
1 25873
1 23807
1 11844
1 19533
1 18511
1 18847
1 19658
1 13303
1 18494
1 24567
1 265
1 20484
1 6914
1 24702
1 714
1 24060
1 8760
1 10828
1 15732
1 14381
1 21720
1 2671
1 16351
1 1012
1 16668
1 24567
1 2136
1 8861
1 523
1 2688
1 24455
1 4712
1 9261
1 19447
1 2131
1 22889
1 22388
1 7402
1 22314
1 16689
1 24427
1 22184
1 3665
1 1562
1 4693
1 1637
1 24993
1 11793
1 7524
1 12941
1 24432
1 25261
1 8341
1 25633
1 20032
1 5397
1 23721
1 233
1 7762
1 3153
1 3942
1 18766
1 8290
1 3473
1 23685
1 13604
1 15284
1 6226
1 21529
1 15258
1 24838
1 1339
1 23126
1 10986
1 13468
1 11319
1 12953
1 510
1 22116
1 20651
1 19715
1 2397
1 18141
1 22466
1 16689
1 17860
1 6947
1 9495
1 7481
1 12453
1 6668
1 17331
1 19320
1 24561
1 15580
1 21312
1 14074
1 19214
1 16561
1 18454
1 23802
1 20238
1 9222
1 16792
1 10898
1 19387
1 14065
1 8423
1 10252
1 24771
1 24435
1 12627
1 17036
1 17136
1 23176
1 16349
1 6943
1 6401
1 8877
1 13831
1 15130
1 7344
1 109
1 16976
1 8459
1 22680
1 255
1 22428
1 11314
1 9378
1 11769
1 4367
1 18282
1 14646
1 3635
1 3905
1 17759
1 16768
1 17856
1 16694
1 19233
1 4132
1 17107
1 16050
1 16008
1 916
1 23169
1 14066
1 20138
1 18385
1 12374
1 18571
1 4560
1 12730
1 12150
1 10800
1 15307
1 20152
1 13528
1 5955
1 22939
1 18683
1 1578
1 18856
1 20674
1 9540
1 13815
1 24573
1 20452
1 3452
1 15041
1 8199
1 2009
1 10764
1 12474
1 2719
1 3941
1 4565
1 2003
1 10521
1 9601
1 9222
1 10045
1 5215
1 11257
1 9378
1 1769
1 6706
1 24396
1 13559
1 14472
1 3865
1 12741
1 624
1 9906
1 7447
1 9741
1 9180
1 4482
1 13191
1 856
1 15127
1 18018
1 21513
1 49
1 10284
1 1455
1 24377
1 16059
1 13971
1 1007
1 1782
1 6641
1 13282
1 21713
1 4542
1 10429
1 10692
1 16160
1 25539
1 8576
1 21673
1 3477
1 11453
1 13505
1 3485
1 17487
1 6650
1 13977
1 11718
1 9686
1 6584
1 1634
1 2003
1 24013
1 1823
1 7853
1 8334
1 6171
1 15343
1 7745
1 17432
1 10711
1 7253
1 9543
1 7162
1 13635
1 15809
1 13359
1 15943
1 16168
1 4936
1 6296
1 1691
1 538
1 10588
1 23527
1 5516
1 2872
1 16636
1 9222
1 11746
1 8933
1 17616
1 23032
1 23405
1 129
1 3076
1 4710
1 2679
1 19130
1 426
1 15615
1 24553
1 14557
1 21852
1 19050
1 8199
1 1393
1 3996
1 24889
1 24462
1 18578
1 25756
1 11833
1 20304
1 14171
1 16175
1 17332
1 21698
1 4192
1 19483
1 16697
1 17107
1 8038
1 12598
1 228
1 17857
1 24119
1 23075
1 5215
1 14676
1 13128
1 18613
1 21198
1 2253
1 11263
1 12189
1 12453
1 1121
1 17146
1 12620
1 2834
1 22524
1 101
1 2087
1 7015
1 21755
1 16021
1 8555
1 18284
1 15906
1 18253
1 11492
1 18332
1 15102
1 15615
1 19633
1 22516
1 19387
1 153
1 15535
1 22633
1 18960
1 17194
1 11003
1 4569
1 12533
1 23540
1 15615
1 4660
1 3386
1 9725
1 9132
1 13389
1 7269
1 13257
1 16557
1 25103
1 14461
1 1226
1 13578
1 22213
1 16253
1 22032
1 7180
1 2149
1 19345
1 25017
1 19288
1 714
1 16245
1 12550
1 17704
1 11155
1 19854
1 24608
1 14066
1 16137
1 23245
1 17228
1 2855
1 832
1 25314
1 138
1 13702
1 6562
1 20681
1 16033
1 12550
1 19896
1 7100
1 23347
1 23902
1 15716
1 13344
1 14055
1 63
1 24100
1 10419
1 7365
1 5064
1 6421
1 24398
1 16168
1 4761
1 10204
1 23300
1 11934
1 3610
1 2155
1 7148
1 24841
1 10254
1 20708
1 14369
1 523
1 15926
1 9431
1 17094
1 25405
1 17229
1 11313
1 25486
1 12207
1 7524
1 2473
1 17846
1 8381
1 2171
1 5240
1 9102
1 9416
1 19751
1 24116
1 9648
1 24321
1 4131
1 13599
1 11214
1 11793
1 22302
1 18558
1 12890
1 22566
1 19345
1 786
