1 12727
1 12550
1 20357
1 14123
1 480
1 14631
1 2533
1 22943
1 9850
1 19854
1 8803
1 17111
1 2648
1 2510
1 6927
1 22105
1 11448
1 14693
1 145
1 13036
1 3909
1 7779
1 24444
1 7275
1 620
1 23898
1 17974
1 21297
1 24592
1 21756
1 6085
1 5891
1 9445
1 24385
1 10961
1 22362
1 13465
1 15039
1 11882
1 7732
1 7048
1 1520
1 14966
1 7728
1 13495
1 22516
1 5415
1 2424
1 11778
1 7936
1 25964
1 21490
1 13599
1 22889
1 13866
1 25664
1 14280
1 20163
1 15914
1 12086
1 14820
1 12452
1 19483
1 5427
1 15542
1 18166
1 18667
1 17790
1 34
1 3131
1 24395
1 22923
1 19381
1 13144
1 16227
1 2099
1 23052
1 16915
1 2533
1 21377
1 16125
1 24939
1 23593
1 10694
1 545
1 17487
1 2581
1 12541
1 22036
1 21938
1 17710
1 1203
1 6445
1 23222
1 14094
1 1684
1 10324
1 16694
1 17983
1 4013
1 25185
1 16348
1 10011
1 2543
1 14746
1 23832
1 891
1 7556
1 12091
1 7181
1 25879
1 7302
1 3762
1 21585
1 9241
1 25085
1 4985
1 3792
1 775
1 22119
1 22127
1 23058
1 16815
1 15286
1 10990
1 10392
1 14951
1 16311
1 19744
1 629
1 6916
1 10069
1 25484
1 10474
1 13672
1 18003
1 20188
1 16600
1 19590
1 14933
1 12470
1 24819
1 17487
1 20373
1 25477
1 24191
1 1573
1 5288
1 23043
1 4539
1 14866
1 2863
1 9741
1 23383
1 13784
1 10503
1 17068
1 21199
1 21170
1 2581
1 9865
1 8495
1 16941
1 2486
1 21147
1 8628
1 1787
1 3573
1 5105
1 25368
1 9222
1 20079
1 8419
1 23242
1 14154
1 4936
1 15798
1 5678
1 12713
1 25015
1 13957
1 17239
1 10548
1 13326
1 20646
1 14057
1 15852
1 2172
1 8079
1 15167
1 7330
1 24264
1 411
1 8687
1 16694
1 17108
1 6606
1 7482
1 25601
1 11136
1 25418
1 11953
1 21079
1 18450
1 6181
1 11000
1 17772
1 6037
1 17329
1 17883
1 9067
1 23401
1 21923
1 1977
1 22233
1 21366
1 24398
1 4134
1 6203
1 10772
1 223
1 5503
1 23540
1 12250
1 7085
1 18794
1 4936
1 9567
1 10165
1 9237
1 4348
1 1192
1 11359
1 18883
1 14489
1 6397
1 18367
1 12341
1 24472
1 23178
1 14902
1 844
1 19533
1 1111
1 5697
1 19229
1 19526
1 22658
1 7291
1 17486
1 19745
1 4010
1 11236
1 4545
1 9141
1 11281
1 20834
1 12681
1 13299
1 9563
1 12267
1 16743
1 25569
1 13704
1 14213
1 3084
1 22471
1 12921
1 9014
1 6650
1 12031
1 3817
1 17887
1 9547
1 18449
1 12882
1 8199
1 9843
1 4296
1 6699
1 2679
1 19254
1 20541
1 21603
1 4377
1 5775
1 15281
1 1905
1 25545
1 4531
1 24584
1 1304
1 714
1 17616
1 15325
1 24041
1 2577
1 5510
1 19975
1 15460
1 19053
1 21052
1 24191
1 8576
1 20935
1 9548
1 25119
1 10669
1 5165
1 15662
1 8261
1 12231
1 6659
1 4562
1 8768
1 19751
1 16975
1 16660
1 10011
1 10194
1 16021
1 15127
1 3665
1 22665
1 9234
1 21678
1 4220
1 15544
1 5870
1 19372
1 18737
1 21170
1 20272
1 2219
1 2208
1 18380
1 14918
1 10522
1 20465
1 18464
1 17710
1 16610
1 6038
1 19307
1 2323
1 2162
1 2674
1 5384
1 5611
1 4333
1 813
1 14126
1 8351
1 3379
1 25965
1 10949
1 7243
1 21563
1 17036
1 18682
1 17546
1 5761
1 3489
1 16792
1 11764
1 19579
1 19133
1 16694
1 10655
1 21184
1 18722
1 5991
1 17265
1 21673
1 7015
1 24142
1 17328
1 2809
1 5814
1 7499
1 24151
1 5045
1 18518
1 14504
1 2799
1 12098
1 7459
1 16793
1 12195
1 8922
1 521
1 20728
1 9943
1 7770
1 16712
1 10002
1 13457
1 18086
1 15509
1 12400
1 23668
1 18473
1 20268
1 4710
1 17624
1 19794
1 6052
1 11120
1 7353
1 11287
1 5988
1 3612
1 7942
1 6071
1 4275
1 5158
1 5324
1 16846
1 25873
1 20306
1 17698
1 15069
1 17398
1 24939
1 9400
1 18259
1 10474
1 5122
1 7939
1 17710
1 21415
1 19811
1 6627
1 14650
1 17343
1 7192
1 6537
1 12905
1 25210
1 21831
1 11867
1 10117
1 9222
1 21632
1 6042
1 16625
1 22387
1 9965
1 25177
1 3030
1 3221
1 22837
1 17228
1 15284
1 7816
1 18218
1 7980
1 13950
1 7584
1 22213
1 12219
1 24602
1 4988
1 18008
1 24338
1 24780
1 18186
1 14555
1 4230
1 22131
1 10990
1 20710
1 7041
1 23770
1 10779
1 9716
1 10990
1 15262
1 849
1 16190
1 13023
1 22790
1 15053
1 16964
1 12886
1 2364
1 13896
1 13026
1 5334
1 5975
1 6305
1 1928
1 19132
1 13407
1 20605
1 25027
1 5721
1 7618
1 16470
1 25627
1 13952
1 16668
1 2898
1 7267
1 12718
1 25555
1 19513
1 10353
1 11061
1 14357
1 14704
1 2734
1 581
1 17279
1 8195
1 13234
1 22185
1 15137
1 23360
1 23681
1 12407
1 5223
1 1946
1 21877
1 23029
1 24654
1 7341
1 22893
1 631
1 24497
1 10143
1 4872
1 25005
1 249
1 23497
1 25866
1 12861
1 8760
1 12033
1 22230
1 11281
1 24398
1 7090
1 17887
1 15126
1 18494
1 3907
1 22633
1 15084
1 21284
1 20274
1 12619
1 13856
1 25219
1 13389
1 20479
1 21254
1 11114
1 9906
1 15500
1 24768
1 8764
1 13093
1 18212
1 3338
1 22871
1 19114
1 5248
1 10675
1 4612
1 1000
1 22854
1 4023
1 22119
1 12178
1 21010
1 1844
1 5642
1 1691
1 9410
1 4028
1 13467
1 18775
1 18454
1 14061
1 16052
1 9222
1 16825
1 18231
1 20407
1 52
1 15289
1 10290
1 4460
1 13393
1 13915
1 10779
1 11944
1 21673
1 12554
1 20391
1 19774
1 17827
1 8053
1 5909
1 17782
1 17437
1 19558
1 6062
1 12425
1 9664
1 16065
1 11021
1 23235
1 13465
1 2942
1 951
1 2809
1 5038
1 9290
1 22865
1 11468
1 2629
1 6175
1 2483
1 14925
1 20139
1 19846
1 19834
1 5781
1 1415
1 15258
1 13870
1 14740
1 9548
1 1316
1 10276
1 15363
1 22621
1 3472
1 24029
1 16531
1 856
1 11655
1 15414
1 23598
1 7113
1 23984
1 7707
1 14498
1 3646
1 15586
1 4872
1 7629
1 3303
1 13523
1 15615
1 3907
1 3363
1 3989
1 4203
1 3649
1 10173
1 25203
1 1589
1 23075
1 20337
1 11913
1 22402
1 11647
1 10645
1 11304
1 19078
1 17146
1 24413
1 21665
1 16682
1 14681
1 15898
1 7813
1 11212
1 19360
1 5982
1 3380
1 11825
1 5527
1 13784
1 19938
1 15864
1 138
1 17487
1 10656
1 4489
1 15060
1 9222
1 5805
1 24430
1 17699
1 19590
1 8695
1 3586
1 393
1 14277
1 14863
1 24274
1 9054
1 15864
1 13857
1 5318
1 9222
1 25652
1 2002
1 9757
1 23693
1 21501
1 6892
1 17080
1 4634
1 25103
1 13248
1 14458
1 22434
1 9290
1 13000
1 17035
1 23985
1 4555
1 25209
1 12811
1 2328
1 18141
1 3354
1 13389
1 16557
1 13588
1 20517
1 16837
1 15540
1 22242
1 9155
1 4806
1 20295
1 2396
1 2740
1 1568
1 8628
1 8865
1 9289
1 16440
1 16325
1 6454
1 10526
1 4002
1 22889
1 10270
1 24941
1 24879
1 10963
1 7425
1 9431
1 4055
1 19205
1 19985
1 16197
1 2136
1 19383
1 15137
1 12083
1 10669
1 6923
1 15817
1 2390
1 7118
1 6328
1 21325
1 11313
1 20465
1 19111
1 15442
1 16542
1 23197
1 1726
1 3945
1 5221
1 6168
1 3705
1 10272
1 20912
1 5197
1 8522
1 22434
1 15520
1 23521
1 5649
1 23371
1 9431
1 11666
1 145
1 18709
1 11827
1 7768
1 22439
1 16497
1 10117
1 9101
1 18216
1 24398
1 9689
1 588
1 4224
1 25861
1 13881
1 4970
1 10768
1 2942
1 4717
1 20039
1 14037
1 16941
1 9571
1 3167
1 7939
1 1012
1 3672
1 3959
1 22271
1 21512
1 5982
1 25229
1 11402
1 13599
1 19553
1 15035
1 23492
1 15857
1 5788
1 9494
1 16930
1 24858
1 3478
1 14422
1 715
1 20108
1 7935
1 7102
1 14348
1 18349
1 20384
1 11761
1 20225
1 19105
1 21394
1 2381
1 25103
1 8624
1 16771
1 21072
1 13956
1 6401
1 13858
1 4855
1 12993
1 20202
1 13317
1 11000
1 23481
1 19959
1 24726
1 787
1 3131
1 5788
1 8778
1 9347
1 27
1 138
1 15615
1 2118
1 16343
1 16840
1 4340
1 19120
1 11387
1 20169
1 4047
1 18557
1 10168
1 13551
1 12359
1 21909
1 6804
1 9166
1 9535
1 15484
1 13791
1 6205
1 7776
1 8238
1 19633
1 10765
1 21706
1 20884
1 18820
1 4320
1 13881
1 23264
1 1468
1 18737
1 14189
1 4421
1 23437
1 938
1 19633
1 13498
1 13931
1 21189
1 8331
1 25926
1 3580
1 17617
1 6226
1 11447
1 6669
1 1973
1 17037
1 6942
1 19821
1 4921
1 9518
1 24370
1 1961
1 7556
1 9729
1 15615
1 11825
1 12552
1 5998
1 4873
1 432
1 14398
1 10922
1 22001
1 20416
1 15094
1 11607
1 18594
1 7461
1 13495
1 22120
1 6556
1 3084
1 23926
1 11008
1 6200
1 16114
1 24828
1 7741
1 21350
1 5510
1 15981
1 2705
1 23672
1 16606
1 3315
1 16067
1 7149
1 17861
1 6082
1 17875
1 24377
1 17700
1 8547
1 20528
1 9972
1 9222
1 3670
1 8357
1 12576
1 25269
1 10503
1 4892
1 19111
1 12550
1 2269
1 13338
1 25818
1 6068
1 21365
1 12451
1 19063
1 11577
1 7256
1 14595
1 2590
1 2339
1 19190
1 9025
1 9911
1 22207
1 3625
1 19633
1 22900
1 13451
1 13590
1 14630
1 20494
1 14914
1 22707
1 22119
1 2184
1 7845
1 19959
1 4257
1 11492
1 17065
1 12657
1 12340
1 10295
1 14110
1 6388
1 9613
1 11199
1 5240
1 6774
1 12112
1 25061
1 18064
1 1474
1 3356
1 10460
1 19340
1 15115
1 13201
1 24904
1 25555
1 7760
1 23901
1 17219
1 14043
1 13745
1 25473
1 18291
1 2671
1 24744
1 22285
1 17860
1 23995
1 20494
1 16925
1 2990
1 1704
1 21980
1 17479
1 12189
1 5287
1 25151
1 19476
1 24764
1 7430
1 10090
1 8106
1 14606
1 23055
1 362
1 21324
1 10386
1 10002
1 23697
1 19248
1 9461
1 12869
1 6509
1 24375
1 3935
1 7388
1 205
1 18015
1 3613
1 8495
1 24798
1 8007
1 19483
1 4696
1 7120
1 13135
1 5259
1 14216
1 10388
1 138
1 16319
1 23358
1 851
1 12453
1 25149
1 8771
1 21618
1 15090
1 8628
1 8603
1 15425
1 22811
1 24356
1 3812
1 3998
1 3903
1 18883
1 4783
1 5331
1 22619
1 21353
1 16872
1 11427
1 2356
1 747
1 13700
1 21144
1 24697
1 18247
1 20517
1 23140
1 18179
1 13284
1 10436
1 24398
1 15064
1 24682
1 24725
1 14060
1 6480
1 20401
1 14669
1 21906
1 10199
1 8268
1 3004
1 11243
1 6181
1 2703
1 21765
1 16712
1 6106
1 3131
1 5513
1 6181
1 20451
1 15536
1 34
1 5616
1 14704
1 19588
1 17578
1 7685
1 14428
1 20692
1 3920
1 22616
1 748
1 24199
1 18294
1 13164
1 19681
1 25143
1 22365
1 2172
1 3338
1 4419
1 3386
1 10507
1 7669
1 14207
1 20421
1 24455
1 15773
1 16719
1 15773
1 14145
1 12076
1 1076
1 13151
1 17487
1 11204
1 6941
1 18737
1 16839
1 22801
1 5805
1 4223
1 264
1 18296
1 1741
1 7529
1 22167
1 23794
1 5808
1 14488
1 15722
1 15916
1 21823
1 14765
1 9572
1 5791
1 16455
1 15228
1 16007
1 4918
1 6239
1 7037
1 23207
1 13619
1 23471
1 8399
1 8003
1 22282
1 3199
1 10796
1 3680
1 13798
1 16482
1 12071
1 16990
1 13926
1 7120
1 16705
1 18378
1 22808
1 715
1 9774
1 25800
1 8126
1 3533
1 9829
1 18882
1 10198
1 7855
1 9381
1 9104
1 545
1 21929
1 11030
1 17515
1 18986
1 1802
1 4037
1 1260
1 5788
1 16183
1 301
1 17487
1 19590
1 24027
1 16793
1 1905
1 15865
1 13719
1 13948
1 11764
1 10324
1 23929
1 11582
1 7584
1 14886
1 1922
1 11222
1 13016
1 8038
1 22453
1 7589
1 1250
1 19855
1 9983
1 24142
1 12767
1 23831
1 22889
1 2644
1 24044
1 3341
1 17487
1 742
1 19076
1 20985
1 1198
1 3614
1 22832
1 22097
1 6597
1 2399
1 3614
1 22864
1 19254
1 227
1 6510
1 24995
1 12112
1 15479
1 2478
1 589
1 11194
1 2121
1 25103
1 2055
1 8061
1 8257
1 412
1 21751
1 7652
1 15221
1 4478
1 1764
1 13751
1 10742
1 24764
1 10107
1 9024
1 19630
1 4291
1 20738
1 4743
1 2423
1 3265
1 17267
1 7793
1 25709
1 15670
1 16623
1 1250
1 12884
1 14609
1 2106
1 18133
1 11952
1 6678
1 12079
1 11153
1 17487
1 6390
1 8896
1 6181
1 8996
1 14914
1 4007
1 6086
1 17856
1 24427
1 2366
1 1599
1 18105
1 2475
1 20866
1 13006
1 23895
1 13855
1 19495
1 15621
1 14055
1 18263
1 25181
1 23507
1 25606
1 25345
1 3265
1 8367
1 13578
1 3791
1 6914
1 14256
1 6860
1 629
1 17203
1 17487
1 17818
1 20737
1 10942
1 1691
1 20727
1 17899
1 3227
1 22087
1 18536
1 14681
1 10627
1 11839
1 15697
1 23507
1 23948
1 24771
1 5550
1 32
1 8732
1 14504
1 17447
1 5177
1 10841
1 22119
1 1598
1 4493
1 21508
1 16730
1 9889
1 6022
1 1568
1 23343
1 13160
1 23009
1 23898
1 25779
1 25219
1 9865
1 23086
1 24989
1 1426
1 5072
1 10296
1 2844
1 17340
1 5399
1 6123
1 3440
1 145
1 3117
1 19999
1 3877
1 22604
1 19447
1 17875
1 10781
1 16302
1 7087
1 19563
1 19426
1 19111
1 7412
1 9535
1 11031
1 715
1 17486
1 13046
1 17487
1 20330
1 16694
1 11666
1 12394
1 11600
1 10799
1 16945
1 15497
1 8476
1 13717
1 17612
1 25418
1 20465
1 138
1 20494
1 22614
1 14320
1 20528
1 15865
1 7652
1 3000
1 15069
1 11296
1 8922
1 16372
1 18228
1 8082
1 21867
1 13257
1 7436
1 5191
1 18553
1 18698
1 17646
1 15286
1 1759
1 6148
1 10909
1 1715
1 10018
1 21490
1 7103
1 24220
1 4951
1 20912
1 6914
1 12983
1 861
1 25040
1 9865
1 3183
1 2995
1 5259
1 21073
1 8030
1 15135
1 25709
1 22317
1 17487
1 18556
1 23675
1 12023
1 14403
1 16524
1 5440
1 23600
1 11008
1 9745
1 6610
1 9564
1 351
1 25241
1 14705
1 13697
1 19752
1 22408
1 20127
1 6905
1 24719
1 18256
1 18099
1 24438
1 5240
1 2735
1 316
1 1711
1 8547
1 17860
1 9803
1 22496
1 16826
1 20727
1 22314
1 9555
1 20660
1 11399
1 25691
1 7582
1 10947
1 18454
1 7410
1 10864
1 3898
1 18885
1 21571
1 11543
1 6282
1 10841
1 12524
1 18488
1 11386
1 17974
1 14418
1 7464
1 10000
1 2164
1 11827
1 10021
1 18528
1 14223
1 6553
1 13283
1 187
1 565
1 14955
1 18154
1 22041
1 24740
1 21506
1 11083
1 5580
1 16175
1 19432
1 23768
1 10204
1 16793
1 9567
1 13232
1 22377
1 2431
1 19633
1 23265
1 1070
1 12875
1 1339
1 22106
1 10438
1 3234
1 22960
1 15202
1 22521
1 17148
1 24717
1 21711
1 846
1 5472
1 23018
1 1662
1 19962
1 11189
1 21765
1 12025
1 16951
1 24792
1 11485
1 22395
1 17348
1 13128
1 17647
1 13776
1 5858
1 4378
1 3650
1 4367
1 23507
1 11314
1 14877
1 9030
1 5510
1 6505
1 23763
1 17915
1 8463
1 10623
1 22619
1 14021
1 4568
1 4108
1 6563
1 8237
1 19421
1 44
1 904
1 12618
1 25487
1 16189
1 11257
1 2594
1 13751
1 14608
1 1885
1 15833
1 5470
1 8628
1 3368
1 21375
1 17229
1 18931
1 23507
1 444
1 1261
1 23128
1 10759
1 16584
1 13747
1 12856
1 12791
1 20247
1 16648
1 20120
1 15425
1 8171
1 16738
1 3135
1 18532
1 5222
1 17477
1 15563
1 11855
1 13599
1 15186
1 14828
1 21
1 8120
1 22768
1 13868
1 1888
1 6911
1 12846
1 22426
1 1589
1 4851
1 3234
1 3260
1 23947
1 8120
1 2835
1 13849
1 4760
1 17222
1 21950
1 25854
1 20809
1 1835
1 14383
1 13023
1 8257
1 21801
1 10306
1 7126
1 20660
1 16464
1 7519
1 18553
1 17248
1 20598
1 11920
1 20353
1 19069
1 8232
1 19425
1 15773
1 7381
1 20064
1 2918
1 14831
1 10996
1 16914
1 5165
1 24037
1 8109
1 18313
1 23543
1 1720
1 3
1 9425
1 16021
1 23260
1 16902
1 20248
1 715
1 23055
1 18571
1 9786
1 582
1 5533
1 24242
1 1816
1 2883
1 4525
1 17827
1 138
1 25171
1 5240
1 447
1 15984
1 3016
1 17675
1 16876
1 17329
1 1823
1 19746
1 15091
1 17487
1 9222
1 23671
1 11022
1 11603
1 3546
1 15053
1 1645
1 11144
1 12103
1 25493
1 14179
1 14167
1 4600
1 23423
1 8686
1 22306
1 3131
1 5725
1 14108
1 25152
1 19041
1 9787
1 22422
1 9617
1 23608
1 15542
1 20951
1 19771
1 3257
1 6775
1 19485
1 8383
1 851
1 13389
1 2923
1 22699
1 25012
1 5696
1 14716
1 5564
1 21397
1 15092
1 8918
1 25825
1 12134
1 17487
1 6092
1 497
1 4132
1 6634
1 23381
1 14250
1 14989
1 13
1 23981
1 22516
1 6881
1 23904
1 21273
1 12872
1 1274
1 9229
1 17444
1 9423
1 1817
1 4019
1 7082
1 3579
1 5286
1 6774
1 5210
1 15729
1 16244
1 6141
1 10518
1 1004
1 986
1 22949
1 12252
1 25512
1 16846
1 18950
1 6036
1 4978
1 322
1 2316
1 2124
1 5582
1 23977
1 15597
1 4415
1 24959
1 14347
1 10513
1 11577
1 8204
1 4841
1 19619
1 11377
1 7528
1 3303
1 14777
1 24553
1 18917
1 941
1 21545
1 8764
1 4484
1 4843
1 3815
1 9275
1 12928
1 7561
1 10267
1 362
1 4792
1 2762
1 9347
1 14223
1 2767
1 23607
1 12156
1 4419
1 18360
1 18956
1 12054
1 21054
1 5915
1 13273
1 15833
1 14066
1 12764
1 11248
1 17487
1 10611
1 9576
1 21426
1 54
1 8805
1 9871
1 18176
1 6470
1 12336
1 25348
1 10967
1 8075
1 8257
1 20162
1 16443
1 25027
1 23102
1 20221
1 7346
1 11696
1 20961
1 16458
1 4259
1 20760
1 3655
1 9241
1 8245
1 3069
1 6935
1 11907
1 4585
1 8117
1 22318
1 19590
1 7031
1 9571
1 21365
1 24170
1 12218
1 19111
1 5788
1 22889
1 5297
1 3454
1 24870
1 7695
1 18446
1 18693
1 7588
1 19696
1 1507
1 18438
1 7533
1 9592
1 21524
1 14186
1 17431
1 16118
1 4132
1 999
1 14057
1 14416
1 9511
1 16570
1 21755
1 4493
1 1452
1 14263
1 9327
1 21787
1 15615
1 8657
1 21062
1 16049
1 14469
1 5000
1 7814
1 25323
1 20593
1 8971
1 18824
1 7180
1 25103
1 21733
1 18855
1 8032
1 2008
1 7697
1 15231
1 18630
1 24721
1 18639
1 925
1 22860
1 23313
1 9297
1 3092
1 7120
1 10942
1 6844
1 23202
1 12983
1 22641
1 3403
1 315
1 9517
1 18554
1 8865
1 10558
1 10669
1 10602
1 21100
1 12620
1 24040
1 18788
1 10214
1 23896
1 25418
1 2457
1 21755
1 11392
1 2259
1 24363
1 23113
1 10546
1 3996
1 2738
1 23313
1 8275
1 287
1 18537
1 17053
1 14476
1 23276
1 5248
1 23889
1 5758
1 4577
1 21768
1 6911
1 20388
1 11985
1 22685
1 10006
1 10866
1 4158
1 3348
1 11200
1 1506
1 3905
1 322
1 149
1 5872
1 15984
1 17487
1 9099
1 2746
1 11077
1 3704
1 5935
1 18641
1 5513
1 9356
1 12766
1 12475
1 23212
1 20440
1 12668
1 18378
1 24744
1 4444
1 20246
1 5240
1 1218
1 703
1 8800
1 8810
1 4403
1 11952
1 6121
1 7326
1 3918
1 5587
1 23266
1 21237
1 8101
1 19334
1 4192
1 2644
1 1549
1 1193
1 16533
1 16772
1 21698
1 17081
1 19872
1 13119
1 13039
1 22695
1 15677
1 5176
1 17026
1 13803
1 17703
1 8495
1 21982
1 7903
1 5633
1 25714
1 24954
1 16714
1 24427
1 6312
1 3907
1 10485
1 20209
1 24131
1 17977
1 15225
1 19447
1 15094
1 22889
1 17148
1 3089
1 9252
1 4134
1 4828
1 1237
1 21617
1 5747
1 9455
1 12039
1 6083
1 17592
1 18328
1 14688
1 2061
1 8536
1 1536
1 9859
1 20002
1 601
1 9695
1 16482
1 18931
1 6580
1 13457
1 12025
1 18338
1 5282
1 5582
1 3041
1 17108
1 5656
1 12415
1 13321
1 7285
1 7381
1 2629
1 4453
1 18689
1 12050
1 7989
1 7541
1 18813
1 11103
1 23230
1 2238
1 13612
1 20553
1 8188
1 5788
1 18520
1 15127
1 5601
1 8825
1 22236
1 5766
1 22726
1 23343
1 1474
1 25950
1 5317
1 2445
1 21906
1 6198
1 533
1 16876
1 18378
1 21496
1 1046
1 6139
1 15013
1 16862
1 25225
1 19940
1 17487
1 15400
1 24773
1 9454
1 10518
1 6705
1 10714
1 9381
1 23501
1 12442
1 5497
1 3897
1 19272
1 12878
1 10823
1 8243
1 18855
1 3498
1 22278
1 11934
1 22651
1 865
1 4613
1 10254
1 22722
1 15791
1 21765
1 2762
1 6092
1 16408
1 10210
1 23976
1 23102
1 9898
1 23506
1 5725
1 7332
1 265
1 8166
1 6226
1 23479
1 6226
1 8406
1 17615
1 16557
1 24744
1 20064
1 7940
1 15147
1 10093
1 10366
1 1823
1 16846
1 1408
1 7421
1 4007
1 14969
1 17040
1 18170
1 3119
1 23573
1 13619
1 19754
1 25926
1 22516
1 1901
1 10011
1 5693
1 21672
1 3205
1 16960
1 17819
1 16126
1 11745
1 4708
1 15422
1 1278
1 19759
1 21755
1 22233
1 15186
1 2541
1 9756
1 97
1 17970
1 2942
1 19800
1 17924
1 17875
1 2223
1 9222
1 22719
1 14227
1 153
1 25053
1 20961
1 13802
1 4660
1 6959
1 23507
1 16360
1 17636
1 16730
1 9102
1 2204
1 10
1 6188
1 14223
1 20660
1 21749
1 18135
1 1258
1 10436
1 13599
1 17487
1 12007
1 17484
1 12896
1 193
1 24377
1 25643
1 12039
1 856
1 9803
1 6318
1 12023
1 23990
1 23717
1 17836
1 18181
1 11022
1 22217
1 19889
1 9007
1 23605
1 3386
1 22519
1 22521
1 3911
1 4019
1 19218
1 10584
1 4382
1 4403
1 1038
1 2098
1 20880
1 15571
1 7277
1 17680
1 15223
1 17487
1 7855
1 9513
1 14468
1 20357
1 7404
1 12930
1 6059
1 24952
1 4061
1 13320
1 19890
1 13360
1 22889
1 5527
1 9416
1 5097
1 6814
1 21040
1 3386
1 10951
1 16496
1 24142
1 4444
1 10110
1 21159
1 12230
1 12921
1 1872
1 11823
1 849
1 25225
1 3386
1 14321
1 17266
1 6721
1 19911
1 11697
1 13391
1 7584
1 41
1 11020
1 15744
1 14273
1 8577
1 5684
1 10481
1 24749
1 5902
1 16829
1 12033
1 12365
1 770
1 2085
1 16914
1 18558
1 23497
1 15407
1 1506
1 8257
1 8408
1 4412
1 17793
1 19698
1 14494
1 9526
1 23642
1 1807
1 13277
1 13449
1 95
1 22633
1 1640
1 24192
1 11539
1 25597
1 14174
1 12131
1 19892
1 3319
1 5165
1 3996
1 15137
1 23391
1 18310
1 16987
1 22455
1 4394
1 3511
1 23357
1 6328
1 3674
1 25168
1 15069
1 19540
1 10629
1 23496
1 12614
1 715
1 18269
1 20494
1 6297
1 17904
1 690
1 849
1 24191
1 12076
1 18720
1 23594
1 718
1 3882
1 9924
1 1697
1 10304
1 23039
1 25394
1 1170
1 23631
1 3295
1 18448
1 16793
1 1878
1 24385
1 19633
1 80
1 22217
1 18866
1 2674
1 15054
1 2964
1 19865
1 11776
1 17574
1 13466
1 19170
1 23976
1 10865
1 14280
1 22557
1 13339
1 20319
1 10873
1 22233
1 25194
1 21618
1 2731
1 13799
1 6713
1 6192
1 227
1 13196
1 24450
1 10568
1 10276
1 25197
1 3131
1 13991
1 152
1 13959
1 14071
1 2561
1 12384
1 21699
1 8886
1 10809
1 3137
1 18104
1 8273
1 13318
1 1790
1 13389
1 11436
1 4802
1 2208
1 11619
1 9864
1 21135
1 22925
1 8945
1 2979
1 22103
1 17449
1 7477
1 3907
1 25795
1 54
1 17487
1 14330
1 16913
1 23788
1 18859
1 3920
1 2103
1 2479
1 11008
1 4110
1 4628
1 1430
1 25643
1 15094
1 551
1 7364
1 5998
1 16074
1 25065
1 7542
1 5259
1 10834
1 850
1 16234
1 3966
1 14833
1 3228
1 4278
1 20942
1 15473
1 24816
1 17384
1 3918
1 21125
1 7947
1 17624
1 2478
1 17582
1 8408
1 23148
1 7826
1 2226
1 1341
1 15950
1 24600
1 5240
1 7017
1 21358
1 21012
1 5467
1 6656
1 6749
1 20324
1 16768
1 9987
1 18315
1 15655
1 9200
1 8292
1 7421
1 8080
1 22892
1 23956
1 6492
1 5624
1 24006
1 22250
1 11844
1 7791
1 8322
1 713
1 16470
1 7780
1 24612
1 11776
1 14746
1 19086
1 25573
1 16314
1 19111
1 7520
1 8918
1 3405
1 2044
1 20202
1 15393
1 4754
1 7640
1 7571
1 21100
1 24983
1 11528
1 16395
1 17331
1 17487
1 24456
1 22670
1 24301
1 24998
1 13832
1 20986
1 20593
1 5098
1 25223
1 21086
1 16948
1 2326
1 688
1 4506
1 21083
1 24803
1 22037
1 9601
1 6200
1 19792
1 25643
1 5178
1 22083
1 1012
1 14062
1 4730
1 626
1 4710
1 7041
1 20673
1 16945
1 7330
1 6654
1 14428
1 10813
1 18624
1 20111
1 23336
1 17626
1 12154
1 4645
1 23858
1 25192
1 17487
1 17106
1 24760
1 12229
1 7764
1 23682
1 569
1 10606
1 8143
1 6914
1 13467
1 14746
1 4619
1 15094
1 1248
1 14246
1 384
1 15950
1 22722
1 1036
1 18500
1 4200
1 13499
1 6394
1 20961
1 15313
1 23125
1 6914
1 9402
1 22790
1 13234
1 13304
1 23032
1 8108
1 15716
1 11348
1 5693
1 5237
1 9495
1 20242
1 20053
1 22463
1 10516
1 20905
1 4525
1 9386
1 11727
1 16169
1 2929
1 11211
1 17782
1 10156
1 14400
1 13751
1 6711
1 21950
1 10753
1 24588
1 24381
1 7855
1 10293
1 16793
1 17851
1 5708
1 17174
1 21061
1 731
1 20212
1 12151
1 9073
1 485
1 8617
1 1272
1 12776
1 19590
1 21785
1 17969
1 7188
1 14744
1 489
1 4572
1 5018
1 16184
1 23466
1 5497
1 13790
1 18630
1 1888
1 18454
1 2908
1 24897
1 2906
1 4839
1 19590
1 24319
1 7860
1 21743
1 3665
1 22354
1 19754
1 15094
1 11021
1 20673
1 10527
1 9786
1 10354
1 3910
1 25103
1 11743
1 4754
1 81
1 14568
1 21923
1 14763
1 19042
1 24901
1 5273
1 15694
1 9576
1 21386
1 10332
1 12078
1 1099
1 12580
1 16208
1 2316
1 18558
1 1799
1 16672
1 19628
1 11530
1 16242
1 18266
1 25681
1 19959
1 22851
1 25374
1 13948
1 4686
1 16482
1 22614
1 24239
1 24744
1 11314
1 17199
1 1701
1 25513
1 8820
1 18661
1 5158
1 23536
1 24867
1 14180
1 8221
1 5610
1 4754
1 8065
1 4132
1 23298
1 1640
1 9512
1 1506
1 24744
1 10938
1 786
1 19345
1 3152
1 25096
1 22314
1 22707
1 11021
1 24644
1 21020
1 10208
1 9121
1 10286
1 23553
1 13196
1 2835
1 2913
1 11915
1 17264
1 23540
1 5
1 16431
1 2132
1 17108
1 5543
1 15415
1 2102
1 16882
1 20941
1 14180
1 7477
1 13599
1 1793
1 733
1 1825
1 715
1 15585
1 21785
1 6393
1 20660
1 10163
1 18909
1 23284
1 15760
1 24720
1 15277
1 10027
1 364
1 7732
1 20379
1 22942
1 9569
1 20365
1 3432
1 9470
1 1823
1 18981
1 14942
1 5924
1 12953
1 13778
1 11671
1 2248
1 18305
1 14435
1 16557
1 13213
1 3131
1 18721
1 24431
1 5510
1 8523
1 12378
1 7784
1 6392
1 15457
1 25126
1 15864
1 11236
1 25001
1 4659
1 22769
1 199
1 17486
1 25830
1 4904
1 6112
1 11433
1 10847
1 14605
1 434
1 14434
1 10868
1 20242
1 21606
1 13640
1 13520
1 8013
1 2777
1 1840
1 6667
1 17968
1 16554
1 13698
1 11113
1 8024
1 14255
1 13599
1 5538
1 17126
1 15284
1 21284
1 7381
1 4131
1 18202
1 23947
1 9511
1 2546
1 13864
1 20611
1 9124
1 1220
1 7863
1 20859
1 3245
1 11705
1 19055
1 8576
1 24456
1 18520
1 5788
1 5862
1 20533
1 22657
1 8628
1 4442
1 4125
1 2011
1 5982
1 9827
1 24724
1 4844
1 10069
1 8628
1 25418
1 20758
1 24672
1 17075
1 16408
1 18561
1 7373
1 5611
1 6945
1 10611
1 25379
1 24086
1 6181
1 10679
1 13855
1 2355
1 18128
1 11908
1 12750
1 17180
1 20727
1 22750
1 18383
1 14697
1 21548
1 9350
1 3859
1 24605
1 13666
1 8873
1 19004
1 1146
1 9778
1 4545
1 16991
1 18397
1 15128
1 25801
1 849
1 20671
1 15588
1 1660
1 19345
1 3022
1 5687
1 18437
1 2671
1 1293
1 786
1 19682
1 849
1 23312
1 1926
1 14744
1 6945
1 329
1 16369
1 24062
1 19133
1 120
1 19458
1 16583
1 16529
1 23871
1 9070
1 25428
1 11801
1 4493
1 11647
1 3958
1 13186
1 5337
1 9410
1 24633
1 14969
1 21672
1 18630
1 16438
1 1610
1 2742
1 4397
1 8576
1 10765
1 19111
1 23832
1 14814
1 17487
1 5446
1 14806
1 20653
1 16053
1 20671
1 560
1 10031
1 2581
1 4887
1 25191
1 25441
1 20472
1 20426
1 14264
1 11026
1 24866
1 3568
1 23425
1 6136
1 5727
1 15926
1 4032
1 1024
1 23094
1 18126
1 6916
1 18374
1 13619
1 2648
1 18846
1 6949
1 6812
1 22399
1 15066
1 11296
1 5518
1 19306
1 9046
1 2160
1 9042
1 6937
1 3989
1 18777
1 6150
1 14074
1 3690
1 9224
1 17623
1 17622
1 16046
1 13751
1 12215
1 24751
1 5671
1 11607
1 22656
1 20941
1 4976
1 25423
1 8483
1 25788
1 15307
1 5540
1 18553
1 1516
1 21826
1 15529
1 19590
1 16850
1 9025
1 15309
1 24456
1 8576
1 9652
1 3008
1 16557
1 17890
1 13257
1 24768
1 19226
1 4984
1 17487
1 9146
1 10756
1 3679
1 17693
1 6621
1 265
1 15200
1 17517
1 16914
1 20465
1 19705
1 24870
1 10652
1 3869
1 19754
1 21163
1 15791
1 9094
1 714
1 25198
1 9070
1 12550
1 21426
1 2679
1 19488
1 19449
1 25418
1 5667
1 22285
1 6741
1 20148
1 10710
1 5430
1 15693
1 25217
1 13757
1 9906
1 19985
1 25411
1 6081
1 11769
1 25383
1 24191
1 4457
1 9511
1 11817
1 11095
1 7606
1 10254
1 21827
1 2789
1 22433
1 20043
1 918
1 12619
1 20343
1 24606
1 22252
1 17661
1 22437
1 27
1 1367
1 11409
1 23356
1 22619
1 17487
1 6361
1 1607
1 6195
1 15223
1 2208
1 18989
1 8126
1 11728
1 22889
1 13855
1 11867
1 2815
1 10144
1 9063
1 18592
1 19735
1 7570
1 3678
1 13035
1 24178
1 6413
1 21827
1 16916
1 18895
1 3323
1 18735
1 9771
1 9149
1 4937
1 22697
1 21536
1 13578
1 13730
1 15380
1 9571
1 8368
1 17750
1 630
1 19449
1 11859
1 18591
1 11552
1 17048
1 19747
1 9571
1 3301
1 19988
1 25873
1 15755
1 6226
1 6226
1 1905
1 1196
1 13671
1 18608
1 16833
1 3135
1 1645
1 19246
1 14831
1 25625
1 25483
1 2042
1 14173
1 3433
1 7420
1 10663
1 18922
1 18532
1 2943
1 15539
1 7188
1 1607
1 3696
1 13992
1 24142
1 16826
1 22508
1 16713
1 24264
1 11154
1 12267
1 7826
1 786
1 6541
1 400
1 3663
1 15319
1 15649
1 18981
1 1065
1 12499
1 2600
1 25555
1 23142
1 2679
1 14924
1 18259
1 13904
1 5282
1 19202
1 23103
1 2674
1 17968
1 3267
1 16115
1 80
1 5449
1 4875
1 1275
1 5788
1 3566
1 14461
1 19570
1 13920
1 15603
1 5223
1 7181
1 24006
1 12730
1 24716
1 9255
1 7864
1 19865
1 23871
1 8049
1 18919
1 10481
1 5847
1 24612
1 19457
1 6205
1 8992
1 18859
1 15186
1 12186
1 19212
1 23140
1 25701
1 16826
1 21998
1 17072
1 10046
1 7710
1 18942
1 25064
1 7615
1 19638
1 16984
1 9222
1 3198
1 24432
1 1936
1 7470
1 8440
1 14483
1 21465
1 17205
1 13471
1 23871
1 436
1 18491
1 15632
1 6226
1 19780
1 1076
1 1954
1 23808
1 17487
1 25643
1 21549
1 19823
1 6070
1 18914
1 3959
1 1506
1 24220
1 18643
1 9956
1 9184
1 15483
1 17487
1 15701
1 11727
1 7732
1 25701
1 14672
1 3446
1 21528
1 21185
1 23159
1 3183
1 3559
1 9572
1 23120
1 5788
1 5030
1 10435
1 9502
1 4549
1 11448
1 3704
1 4936
1 22896
1 17056
1 15069
1 24954
1 6515
1 13881
1 4133
1 20675
1 16034
1 158
1 8137
1 3533
1 12357
1 7120
1 18407
1 400
1 5395
1 17477
1 9423
1 15325
1 21258
1 25709
1 1568
1 6301
1 17422
1 24035
1 13426
1 9495
1 12027
1 5959
1 19396
1 12654
1 255
1 21191
1 11560
1 5783
1 19062
1 16757
1 17704
1 9222
1 2835
1 13523
1 11330
1 22721
1 9445
1 12112
1 3507
1 21465
1 2983
1 322
1 6326
1 15369
1 12196
1 18294
1 20879
1 17528
1 18465
1 3675
1 24560
1 15522
1 18527
1 461
1 17108
1 6914
1 23011
1 10468
1 7606
1 2140
1 18940
1 6013
1 795
1 22889
1 3368
1 13252
1 10912
1 672
1 14353
1 17848
1 6672
1 25020
1 25382
1 20660
1 10204
1 14426
1 531
1 13465
1 11471
1 22541
1 4763
1 17125
1 2
1 8101
1 9222
1 8331
1 20798
1 21329
1 9476
1 21629
1 11757
1 23684
1 17915
1 12344
1 24884
1 2671
1 17080
1 25851
1 22271
1 784
1 20852
1 14074
1 14104
1 25181
1 20861
1 15532
1 4558
1 25015
1 25547
1 2406
1 10011
1 21012
1 19852
1 20729
1 17048
1 2129
1 17247
1 13749
1 11367
1 9274
1 12049
1 14179
1 15494
1 7183
1 25475
1 17487
1 3690
1 8244
1 13177
1 14179
1 9744
1 9819
1 5982
1 19134
1 25958
1 7344
1 18847
1 3131
1 16944
1 6870
1 23180
1 21377
1 20324
1 20099
1 3446
1 22609
1 24398
1 9282
1 24002
1 8552
1 120
1 25507
1 22476
1 17875
1 3215
1 22854
1 17106
1 4708
1 3015
1 9124
1 12452
1 1022
1 6935
1 2406
1 17487
1 18112
1 17650
1 15078
1 18422
1 6516
1 19636
1 3301
1 21444
1 99
1 13181
1 21672
1 10899
1 15897
1 4307
1 4042
1 16482
1 13227
1 12614
1 3892
1 4575
1 21621
1 14686
1 10203
1 10271
1 16694
1 13751
1 25131
1 7436
1 20452
1 4158
1 24456
1 22893
1 7524
1 17199
1 10513
1 25221
1 18062
1 16408
1 24214
1 10061
1 6859
1 8366
1 6700
1 10507
1 11670
1 15911
1 21489
1 17502
1 18054
1 6226
1 16916
1 10904
1 10507
1 3386
1 17242
1 147
1 14964
1 19959
1 6136
1 10944
1 7841
1 20017
1 22889
1 22285
1 13084
1 34
1 21922
1 20450
1 17487
1 7601
1 1474
1 13926
1 3269
1 712
1 22658
1 21821
1 17846
1 4754
1 25487
1 9192
1 21618
1 10876
1 953
1 12173
1 2594
1 25345
1 2671
1 16597
1 20043
1 12186
1 10324
1 23894
1 1635
1 16167
1 4575
1 23846
1 2847
1 19966
1 1826
1 24950
1 25627
1 21487
1 9601
1 9501
1 17632
1 21909
1 24377
1 13914
1 12884
1 20139
1 19898
1 21959
1 13679
1 10114
1 12079
1 20985
1 20866
1 3731
1 9781
1 7280
1 11697
1 18352
1 14504
1 19495
1 22008
1 8268
1 21012
1 24307
1 15319
1 21564
1 12535
1 22091
1 6833
1 20337
1 7262
1 5217
1 22889
1 11530
1 19111
1 183
1 18332
1 8578
1 8252
1 11020
1 860
1 23832
1 12037
1 6801
1 15341
1 3102
1 22594
1 14055
1 13710
1 25577
1 11394
1 23784
1 23337
1 1735
1 8200
1 8111
1 23780
1 23788
1 22248
1 8918
1 3985
1 1148
1 9872
1 6667
1 13337
1 10998
1 3
1 1899
1 12025
1 25555
1 7969
1 22516
1 21092
1 22889
1 1960
1 15170
1 22014
1 18532
1 12465
1 8196
1 25428
1 20961
1 17016
1 20242
1 1583
1 1568
1 10768
1 9509
1 18541
1 5288
1 14884
1 13660
1 6366
1 4150
1 2332
1 13809
1 1540
1 2808
1 24725
1 13013
1 19671
1 14223
1 17839
1 10742
1 634
1 6175
1 24377
1 22712
1 5129
1 21072
1 6181
1 15202
1 13370
1 12520
1 13557
1 12070
1 9400
1 14696
1 3892
1 5129
1 23947
1 15258
1 21298
1 24184
1 888
1 23983
1 22539
1 17931
1 9023
1 14744
1 13758
1 4614
1 16583
1 17861
1 4809
1 23337
1 24456
1 941
1 13326
1 23957
1 1475
1 11907
1 447
1 21876
1 15083
1 24190
1 16846
1 13508
1 21816
1 23887
1 19962
1 24621
1 21637
1 14520
1 15515
1 22104
1 20258
1 59
1 23849
1 1182
1 17036
1 1332
1 18867
1 10819
1 5611
1 18529
1 25418
1 8399
1 3395
1 15309
1 16363
1 12678
1 22442
1 5446
1 12863
1 5880
1 14214
1 12279
1 4080
1 22233
1 24803
1 15053
1 16482
1 2713
1 8496
1 400
1 14225
1 20512
1 24302
1 12415
1 17487
1 8952
1 25968
1 20766
1 3898
1 16460
1 24088
1 2438
1 16855
1 518
1 9607
1 4418
1 15060
1 7568
1 6671
1 24116
1 1888
1 22385
1 20694
1 13283
1 9299
1 511
1 25951
1 15279
1 7177
1 3121
1 18251
1 4058
1 5747
1 6325
1 20393
1 6194
1 24431
1 900
1 6172
1 15200
1 4377
1 13090
1 23313
1 22889
1 15105
1 12527
1 1025
1 13906
1 2144
1 3586
1 3386
1 3511
1 10872
1 17245
1 24142
1 11740
1 6874
1 25517
1 5010
1 23836
1 11314
1 19169
1 3886
1 154
1 4640
1 12785
1 14026
1 17895
1 13833
1 15243
1 111
1 10669
1 7608
1 723
1 13771
1 19633
1 5240
1 10612
1 11700
1 21580
1 23879
1 9273
1 16326
1 9798
1 7827
1 5550
1 3336
1 17456
1 19786
1 17785
1 14700
1 2002
1 24672
1 25675
1 18544
1 3117
1 15999
1 6777
1 24321
1 5538
1 22233
1 8331
1 21739
1 6303
1 15805
1 22037
1 16675
1 25562
1 17487
1 5830
1 2148
1 5880
1 17036
1 13790
1 13171
1 25142
1 8248
1 15914
1 18558
1 13144
1 3881
1 4291
1 23336
1 24673
1 9380
1 18558
1 11496
1 19923
1 9675
1 13879
1 14223
1 2734
1 5014
1 7493
1 12877
1 25214
1 5175
1 6226
1 20689
1 9842
1 6613
1 15894
1 22532
1 14830
1 1378
1 15071
1 20284
1 15138
1 11996
1 14426
1 3084
1 23931
1 20569
1 25303
1 16949
1 3301
1 12983
1 18541
1 25652
1 2900
1 10505
1 7598
1 25706
1 8732
1 5222
1 3097
1 10058
1 18978
1 22587
1 24142
1 23401
1 714
1 24068
1 18976
1 13578
1 6563
1 13808
1 5128
1 12787
1 1488
1 18014
1 13143
1 8859
1 22091
1 9823
1 10089
1 18141
1 19533
1 10237
1 9786
1 4550
1 4388
1 11582
1 2389
1 17229
1 17976
1 2671
1 13619
1 19772
1 11618
1 15894
1 25873
1 11572
1 14455
1 10950
1 16018
1 7723
1 3169
1 19167
1 25805
1 5275
1 17487
1 15508
1 22676
1 11699
1 631
1 13109
1 23865
1 49
1 22094
1 18859
1 8330
1 14468
1 7017
1 4888
1 1471
1 23507
1 20152
1 686
1 8495
1 5933
1 20478
1 10966
1 23411
1 24892
1 15127
1 3386
1 13725
1 23175
1 14270
1 900
1 17102
1 9911
1 18111
1 19555
1 10946
1 22394
1 22516
1 9972
1 7744
1 1029
1 22614
1 9716
1 19915
1 2320
1 25914
1 849
1 8266
1 24142
1 18630
1 556
1 1367
1 25604
1 22862
1 8127
1 3378
1 5407
1 18295
1 16806
1 7416
1 21739
1 11019
1 11314
1 14589
1 5616
1 6203
1 10430
1 12098
1 12025
1 11320
1 22854
1 24882
1 17239
1 10385
1 5216
1 12386
1 21617
1 3328
1 11315
1 23242
1 11380
1 21362
1 14402
1 20103
1 2760
1 9469
1 9827
1 23629
1 25809
1 19120
1 8331
1 21485
1 6015
1 6196
1 25873
1 1621
1 578
1 2061
1 23215
1 16519
1 23724
1 671
1 119
1 19751
1 7976
1 7086
1 16283
1 8606
1 20964
1 24490
1 2233
1 20310
1 3994
1 17487
1 24669
1 13833
1 6043
1 18021
1 24456
1 371
1 23430
1 925
1 11139
1 10117
1 22889
1 1961
1 2381
1 22297
1 24927
1 6022
1 15448
1 23044
1 17616
1 16876
1 10354
1 17112
1 6042
1 10324
1 2216
1 13483
1 17036
1 22052
1 6024
1 10357
1 19176
1 6914
1 22997
1 20064
1 7092
1 21516
1 5788
1 24455
1 18651
1 305
1 15834
1 13136
1 14681
1 9601
1 9571
1 23055
1 11845
1 3393
1 21816
1 15999
1 15521
1 13686
1 15649
1 2035
1 22437
1 8810
1 18508
1 17516
1 9718
1 2790
1 8090
1 6328
1 5291
1 25031
1 4556
1 15644
1 9088
1 16325
1 25487
1 9063
1 19074
1 23641
1 1474
1 9734
1 8001
1 5128
1 18230
1 12532
1 7315
1 1888
1 23507
1 3462
1 13237
1 5721
1 25676
1 11513
1 10251
1 1709
1 13926
1 24907
1 14194
1 4377
1 718
1 14014
1 9222
1 22479
1 4198
1 2190
1 11534
1 9875
1 11497
1 15537
1 17931
1 23426
1 18378
1 12079
1 9050
1 24455
1 21644
1 22854
1 1888
1 23212
1 7845
1 4817
1 118
1 18968
1 19940
1 15069
1 7952
1 19865
1 10293
1 5526
1 19244
1 25885
1 14561
1 17146
1 21681
1 22889
1 21672
1 9511
1 25702
1 21720
1 19917
1 16376
1 4992
1 16458
1 3557
1 16820
1 18080
1 12454
1 15193
1 10800
1 15742
1 5197
1 11574
1 8756
1 12025
1 15300
1 22631
1 13783
1 3303
1 25804
1 1126
1 7393
1 23869
1 1893
1 5701
1 2381
1 22423
1 31
1 9063
1 9461
1 16319
1 4710
1 15622
1 5117
1 11083
1 15069
1 19625
1 13599
1 5054
1 2762
1 326
1 22010
1 20248
1 20471
1 17137
1 2937
1 22692
1 8404
1 6071
1 24143
1 16125
1 19708
1 25555
1 15500
1 8105
1 17433
1 24541
1 25551
1 16533
1 2320
1 17801
1 2571
1 24408
1 12091
1 14814
1 10122
1 4255
1 14196
1 17647
1 20688
1 16846
1 15094
1 10829
1 1691
1 23071
1 5582
1 3484
1 20299
1 10990
1 14105
1 19636
1 21490
1 20261
1 10675
1 10117
1 17487
1 4712
1 24898
1 17487
1 8000
1 5358
1 17159
1 874
1 5532
1 25929
1 8272
1 12841
1 1278
1 2262
1 2056
1 25873
1 10276
1 13130
1 13093
1 10487
1 15791
1 21753
1 10863
1 1555
1 12191
1 15184
1 5401
1 13399
1 19922
1 10645
1 4519
1 9900
1 5337
1 20435
1 22390
1 11669
1 20376
1 1531
1 18552
1 9747
1 20961
1 21114
1 153
1 20654
1 2379
1 6399
1 16721
1 15353
1 15403
1 22588
1 23406
1 2879
1 3306
1 4132
1 17857
1 12872
1 363
1 17977
1 23942
1 24841
1 19228
1 20468
1 7880
1 10204
1 25413
1 21189
1 716
1 22394
1 12221
1 6705
1 17824
1 22758
1 21770
1 9215
1 10324
1 22074
1 680
1 12025
1 2642
1 18440
1 5998
1 25865
1 5788
1 21860
1 25179
1 11092
1 13331
1 6173
1 10876
1 21094
1 19111
1 10760
1 9343
1 5509
1 9369
1 12189
1 2059
1 9830
1 19590
1 7406
1 20492
1 20537
1 21711
1 11130
1 493
1 4754
1 22527
1 24553
1 5882
1 6013
1 4611
1 2671
1 10601
1 4140
1 9221
1 17248
1 5332
1 24928
1 6092
1 15537
1 13599
1 6127
1 21237
1 6328
1 21024
1 16801
1 1361
1 21005
1 5070
1 969
1 6198
1 25214
1 15911
1 18532
1 17455
1 16764
1 17397
1 9495
1 10960
1 7542
1 17534
1 18547
1 18895
1 13587
1 9836
1 22854
1 3461
1 18524
1 13599
1 7851
1 15113
1 13881
1 19190
1 2005
1 9381
1 6412
1 4524
1 17745
1 13660
1 9445
1 13036
1 9197
1 7187
1 16737
1 23777
1 6328
1 21631
1 3870
1 21063
1 12274
1 9224
1 682
1 21819
1 19654
1 920
1 19281
1 21142
1 2527
1 22806
1 13765
1 9947
1 15078
1 14859
1 17948
1 19711
1 3386
1 20859
1 2513
1 22167
1 21309
1 24398
1 18538
1 6472
1 1089
1 16730
1 4300
1 13050
1 19659
1 20401
1 24278
1 14194
1 6322
1 20770
1 22119
1 25685
1 20043
1 15615
1 6888
1 11882
1 6226
1 5758
1 20391
1 24398
1 2041
1 21808
1 3416
1 5545
1 10613
1 18350
1 5518
1 8023
1 4307
1 2853
1 14527
1 118
1 3989
1 16599
1 193
1 6553
1 1990
1 16142
1 19470
1 18572
1 22021
1 1488
1 831
1 25485
1 10622
1 843
1 2620
1 3099
1 10324
1 20238
1 5035
1 11299
1 4152
1 21231
1 8167
1 10122
1 12236
1 18353
1 9949
1 8762
1 215
1 10823
1 17985
1 23947
1 193
1 24955
1 5582
1 3943
1 153
1 15473
1 10909
1 7692
1 6112
1 14989
1 12608
1 15198
1 14686
1 5343
1 10291
1 1895
1 18052
1 2353
1 11773
1 9222
1 18737
1 14015
1 9867
1 10677
1 17070
1 25588
1 3124
1 15069
1 4304
1 16625
1 19201
1 5891
1 8407
1 7307
1 21999
1 25707
1 6401
1 6980
1 6775
1 14500
1 6070
1 8407
1 14652
1 6602
1 5668
1 4437
1 19818
1 4281
1 9119
1 6633
1 18685
1 11877
1 15635
1 569
1 23360
1 21578
1 1044
1 21578
1 7584
1 17657
1 16643
1 12841
1 15407
1 1651
1 6690
1 10800
1 10685
1 14395
1 21150
1 6241
1 10902
1 11257
1 20048
1 2140
1 21289
1 20961
1 21804
1 17388
1 21086
1 22889
1 25040
1 17257
1 7542
1 15284
1 11236
1 9919
1 3800
1 21564
1 24377
1 20480
1 17775
1 25051
1 23075
1 23273
1 4350
1 8877
1 25229
1 22751
1 8420
1 7372
1 16758
1 18669
1 7613
1 13599
1 23365
1 22479
1 1423
1 2440
1 23369
1 25117
1 6592
1 10117
1 18532
1 20602
1 390
1 15104
1 11567
1 18701
1 9513
1 14929
1 9827
1 4447
1 13964
1 7555
1 6517
1 607
1 15984
1 715
1 18630
1 14914
1 22699
1 5453
1 24398
1 21212
1 20829
1 25025
1 10552
1 23393
1 10942
1 12486
1 6363
1 3957
1 25864
1 16889
1 24377
1 5866
1 16140
1 23260
1 11808
1 9571
1 1506
1 6089
1 17706
1 11022
1 24643
1 23113
1 13047
1 8257
1 21780
1 16686
1 15285
1 21998
1 22870
1 19100
1 4535
1 3905
1 22938
1 7685
1 13474
1 39
1 18328
1 7178
1 7082
1 18126
1 13262
1 10529
1 11824
1 3386
1 24401
1 20148
1 23746
1 15061
1 16458
1 13385
1 12790
1 19173
1 17840
1 14156
1 11254
1 11290
1 9543
1 16319
1 20841
1 10989
1 9715
1 25728
1 563
1 22058
1 6645
1 12680
1 23415
1 25514
1 8764
1 15384
1 25418
1 22982
1 15588
1 5664
1 16345
1 13728
1 17036
1 15542
1 11867
1 17910
1 5947
1 15483
1 5491
1 25242
1 9526
1 6352
1 5177
1 8217
1 18483
1 7848
1 18440
1 17501
1 10117
1 6079
1 3996
1 10857
1 7461
1 17906
1 15206
1 14721
1 16939
1 14995
1 14688
1 12158
1 21086
1 3042
1 17042
1 7347
1 20264
1 9222
1 19818
1 1082
1 367
1 3683
1 3232
1 23990
1 1680
1 6656
1 24820
1 12231
1 17487
1 21545
1 21791
1 19138
1 25240
1 22677
1 11521
1 18521
1 16838
1 268
1 1147
1 25717
1 3989
1 10324
1 4310
1 25001
1 16213
1 25537
1 16374
1 8802
1 6609
1 7732
1 18231
1 19786
1 25709
1 12998
1 15080
1 5259
1 2152
1 22217
1 10989
1 25923
1 16369
1 10962
1 21959
1 18544
1 7986
1 22273
1 311
1 6296
1 7653
1 20747
1 22426
1 15732
1 9052
1 14650
1 12961
1 4279
1 19590
1 27
1 17729
1 18845
1 6772
1 11825
1 6172
1 25440
1 14445
1 20247
1 10563
1 4961
1 523
1 24191
1 14122
1 3953
1 1304
1 14744
1 1691
1 1702
1 11382
1 19159
1 21998
1 22166
1 23157
1 2674
1 20941
1 22420
1 9541
1 25787
1 560
1 22170
1 11941
1 1419
1 15500
1 18125
1 16079
1 20187
1 8094
1 3592
1 9717
1 15889
1 21672
1 5240
1 18572
1 18310
1 15137
1 351
1 1254
1 9494
1 10942
1 12619
1 19156
1 24090
1 9222
1 20573
1 2178
1 17407
1 19017
1 16410
1 13211
1 18355
1 10771
1 18273
1 17924
1 6705
1 20247
1 25873
1 5788
1 11033
1 23033
1 15307
1 9548
1 19484
1 20315
1 8120
1 5530
1 5611
1 4911
1 24791
1 3494
1 22027
1 13836
1 21106
1 11505
1 2336
1 15401
1 12805
1 3592
1 23178
1 7691
1 7611
1 837
1 15644
1 9710
1 24672
1 9599
1 2508
1 14960
1 15783
1 12923
1 17125
1 16472
1 22109
1 6150
1 24401
1 25517
1 10017
1 19865
1 7333
1 11427
1 12142
1 11251
1 10167
1 11257
1 13559
1 9738
1 8182
1 22388
1 12076
1 16694
1 18953
1 22950
1 16145
1 13422
1 15731
1 13331
1 24017
1 17374
1 20337
1 16058
1 15446
1 25400
1 17905
1 2686
1 15615
1 19367
1 23864
1 2042
1 9836
1 21245
1 8908
1 11268
1 16513
1 24905
1 2368
1 11843
1 5245
1 22332
1 4238
1 15663
1 20173
1 12007
1 10485
1 8551
1 22889
1 18006
1 17487
1 9943
1 16557
1 1196
1 10793
1 8566
1 12837
1 24740
1 17895
1 11640
1 18409
1 23337
1 3704
1 16694
1 10943
1 19989
1 19679
1 12247
1 24602
1 11004
1 10671
1 12741
1 25217
1 25707
1 6730
1 14836
1 19996
1 19345
1 6654
1 24410
1 17127
1 17083
1 17875
1 24886
1 13587
1 287
1 6929
1 17699
1 16998
1 1502
1 2674
1 23617
1 22468
1 5241
1 16413
1 17267
1 7126
1 2924
1 7700
1 18489
1 1546
1 14979
1 13677
1 3655
1 16588
1 21562
1 12079
1 24053
1 9630
1 13361
1 17305
1 19333
1 11111
1 8963
1 23393
1 13092
1 12295
1 8245
1 24426
1 11156
1 8109
1 12887
1 4104
1 18042
1 15407
1 15513
1 16119
1 1716
1 287
1 17015
1 2415
1 6883
1 16513
1 2964
1 14108
1 17239
1 13917
1 8107
1 24321
1 1987
1 10921
1 23619
1 23329
1 11441
1 7590
1 12342
1 15025
1 20542
1 25873
1 16641
1 12619
1 25717
1 18749
1 15239
1 2009
1 15820
1 13812
1 3892
1 15959
1 3379
1 23985
1 16941
1 7005
1 18216
1 10513
1 25838
1 10011
1 12341
1 19998
1 8739
1 17229
1 12888
1 17848
1 17387
1 1888
1 7453
1 9800
1 23769
1 12627
1 16284
1 15538
1 16694
1 1140
1 6366
1 2888
1 5586
1 9914
1 2526
1 4970
1 3920
1 4419
1 10698
1 6913
1 1170
1 16463
1 138
1 3368
1 6023
1 6083
1 7444
1 1586
1 4236
1 22233
1 1641
1 3055
1 6884
1 2348
1 545
1 18356
1 10885
1 19482
1 5514
1 4337
1 2734
1 13160
1 22404
1 25664
1 24374
1 2911
1 17477
1 24313
1 20725
1 16884
1 4086
1 11417
1 2571
1 6181
1 1921
1 13198
1 19865
1 10611
1 2478
1 13853
1 19808
1 6437
1 8745
1 10054
1 8084
1 16125
1 6420
1 2248
1 9781
1 15791
1 7879
1 24029
1 13444
1 11960
1 5665
1 24456
1 5609
1 16337
1 20043
1 10337
1 14419
1 12796
1 22333
1 18754
1 8782
1 11021
1 15069
1 23055
1 24702
1 16955
1 15137
1 2565
1 22889
1 2329
1 829
1 14857
1 3905
1 24199
1 5633
1 17487
1 10074
1 15275
1 24602
1 120
1 25651
1 9054
1 8703
1 5747
1 9175
1 16727
1 14335
1 455
1 3764
1 4779
1 25214
1 12445
1 22951
1 24062
1 10942
1 1121
1 13370
1 7755
1 12952
1 15716
1 17961
1 15562
1 6556
1 25333
1 18440
1 16876
1 400
1 8257
1 2983
1 16169
1 21458
1 23945
1 15425
1 1936
1 9607
1 11138
1 36
1 21765
1 24682
1 4355
1 23605
1 16807
1 16446
1 17321
1 18776
1 10051
1 21259
1 2048
1 12775
1 19304
1 21401
1 226
1 5719
1 9642
1 3119
1 7209
1 7490
1 15918
1 7537
1 11963
1 10726
1 6226
1 19104
1 23460
1 22889
1 1229
1 13030
1 13528
1 9192
1 19633
1 13044
1 14572
1 25573
1 21343
1 9275
1 10445
1 16694
1 12550
1 6011
1 6198
1 16512
1 24644
1 8982
1 7379
1 7190
1 12578
1 13198
1 22390
1 21395
1 15337
1 21234
1 1674
1 12023
1 15061
1 21507
1 3202
1 17552
1 1212
1 7104
1 20494
1 17860
1 2223
1 21141
1 19799
1 6276
1 17484
1 4754
1 4011
1 8199
1 24501
1 4660
1 14065
1 6261
1 19254
1 640
1 22172
1 20948
1 742
1 19041
1 9095
1 14666
1 24485
1 21012
1 1463
1 6388
1 9905
1 8865
1 14740
1 11029
1 97
1 9741
1 19341
1 10107
1 8918
1 14187
1 1707
1 22897
1 8006
1 11008
1 14915
1 2205
1 6282
1 19449
1 6341
1 1484
1 20538
1 213
1 17032
1 6946
1 23477
1 24955
1 3865
1 18558
1 9381
1 213
1 19449
1 24031
1 20787
1 4805
1 22233
1 17644
1 22889
1 6815
1 15385
1 3511
1 13872
1 23942
1 11147
1 19914
1 2571
1 5014
1 7707
1 5079
1 6356
1 23960
1 2567
1 18572
1 18131
1 25165
1 11158
1 9160
1 22344
1 14913
1 9786
1 24357
1 10713
1 24190
1 13751
1 24548
1 10847
1 1810
1 19763
1 24322
1 9284
1 6458
1 14819
1 2344
1 14303
1 9700
1 16458
1 1094
1 3757
1 19633
1 13066
1 351
1 17699
1 2816
1 21612
1 2949
1 6797
1 17699
1 18351
1 12541
1 2336
1 8775
1 10689
1 12815
1 23154
1 13044
1 15817
1 24500
1 16351
1 11774
1 7108
1 4839
1 12736
1 20859
1 9050
1 20170
1 8304
1 20899
1 22103
1 9571
1 5582
1 19731
1 18607
1 6465
1 5405
1 13844
1 13604
1 253
1 22388
1 19478
1 11099
1 4080
1 19633
1 1960
1 23405
1 8796
1 2835
1 15479
1 17693
1 20941
1 19923
1 7407
1 4196
1 16750
1 2614
1 25572
1 17036
1 19389
1 9116
1 13697
1 13866
1 14180
1 4050
1 19341
1 14108
1 19633
1 11183
1 23507
1 16986
1 7287
1 12025
1 19111
1 11941
1 9526
1 7524
1 5891
1 12418
1 25638
1 10516
1 10823
1 6958
1 8997
1 21124
1 24694
1 10468
1 1506
1 633
1 1160
1 495
1 1000
1 17405
1 14478
1 10922
1 8143
1 519
1 11377
1 13578
1 9838
1 19950
1 17188
1 18877
1 23857
1 18321
1 14469
1 15615
1 19345
1 16891
1 25938
1 22026
1 18042
1 8865
1 7860
1 5788
1 5625
1 10136
1 18328
1 14898
1 22233
1 11000
1 25652
1 9717
1 2395
1 15716
1 9936
1 20806
1 12098
1 1677
1 10095
1 14447
1 1911
1 25151
1 9222
1 18583
1 7744
1 19590
1 6571
1 25768
1 8958
1 21019
1 15069
1 7770
1 16101
1 13881
1 9379
1 5231
1 17924
1 11934
1 13599
1 15716
1 3980
1 12529
1 13599
1 16343
1 2059
1 23794
1 21195
1 10211
1 9222
1 10771
1 24554
1 16485
1 20276
1 7242
1 10351
1 22388
1 21998
1 22716
1 14200
1 22007
1 2671
1 12818
1 9981
1 11740
1 24857
1 13953
1 20287
1 19569
1 11415
1 1817
1 23783
1 17748
1 15716
1 20451
1 12583
1 21258
1 3117
1 4414
1 7955
1 138
1 21937
1 25758
1 25539
1 12806
1 9100
1 22155
1 11661
1 8707
1 25625
1 19134
1 456
1 5860
1 5165
1 20228
1 22505
1 16138
1 25097
1 15914
1 22134
1 4019
1 20221
1 25092
1 22628
1 6893
1 11368
1 1579
1 13845
1 3076
1 15258
1 25347
1 17968
1 3050
1 19638
1 14195
1 6205
1 6945
1 25300
1 4663
1 17326
1 1196
1 10857
1 14438
1 20076
1 38
1 2233
1 23990
1 25658
1 1893
1 22187
1 9294
1 18893
1 3687
1 3301
1 21170
1 4160
1 4488
1 19076
1 12137
1 9422
1 21447
1 13789
1 3187
1 22711
1 8770
1 15865
1 14669
1 1878
1 5813
1 4744
1 1541
1 85
1 8013
1 1807
1 2671
1 8891
1 8435
1 10051
1 17274
1 9511
1 21037
1 12209
1 19606
1 18013
1 11333
1 10303
1 10760
1 2848
1 20390
1 8435
1 9664
1 3879
1 17181
1 1588
1 6095
1 25082
1 4
1 23875
1 13290
1 18383
1 11607
1 272
1 19110
1 1339
1 25359
1 11569
1 15952
1 6641
1 24612
1 20625
1 7421
1 25853
1 5375
1 17487
1 3084
1 11194
1 9640
1 9249
1 14688
1 9903
1 6487
1 17646
1 17222
1 4418
1 12265
1 9
1 6914
1 4031
1 13346
1 25313
1 3386
1 15953
1 13501
1 9417
1 11175
1 9222
1 17102
1 2617
1 18486
1 10805
1 5788
1 3000
1 8292
1 8216
1 4898
1 6958
1 10061
1 23336
1 22851
1 16862
1 21827
1 14969
1 14693
1 5462
1 19487
1 19091
1 8746
1 24344
1 25664
1 24502
1 25418
1 21730
1 23401
1 22777
1 3956
1 3131
1 16280
1 13430
1 6272
1 15817
1 14602
1 3918
1 25
1 3625
1 17239
1 13350
1 22243
1 6891
1 23315
1 17336
1 23969
1 6808
1 18509
1 25749
1 1011
1 25940
1 4488
1 24847
1 22889
1 25627
1 12069
1 8962
1 11319
1 11699
1 25920
1 9222
1 10546
1 13785
1 18767
1 4997
1 23055
1 11867
1 309
1 13881
1 13622
1 15535
1 23546
1 5816
1 18241
1 11531
1 25418
1 2401
1 23341
1 18334
1 7906
1 2553
1 4010
1 7034
1 21764
1 3882
1 23644
1 21792
1 22609
1 25297
1 10105
1 3301
1 5366
1 1039
1 8919
1 25649
1 9236
1 8009
1 15725
1 9915
1 12297
1 1905
1 4568
1 18864
1 1076
1 16591
1 4873
1 3281
1 16428
1 2879
1 18987
1 20995
1 21
1 629
1 24724
1 12342
1 21508
1 8006
1 19849
1 2335
1 13599
1 17983
1 13793
1 8838
1 2248
1 7120
1 21374
1 18720
1 21900
1 4951
1 2431
1 9678
1 16692
1 24662
1 24820
1 12743
1 15791
1 6150
1 12982
1 15749
1 20015
1 17622
1 17699
1 12055
1 20884
1 23608
1 21330
1 22889
1 23629
1 6928
1 9981
1 12983
1 5554
1 8777
1 13259
1 500
1 12098
1 17275
1 13106
1 24893
1 14510
1 2433
1 20085
1 9911
1 16743
1 2248
1 18631
1 714
1 12349
1 13962
1 21595
1 1836
1 11618
1 25664
1 15242
1 4987
1 1012
1 14567
1 19919
1 10446
1 21919
1 12384
1 21165
1 19306
1 7064
1 21100
1 11720
1 12913
1 10336
1 17188
1 25015
1 21755
1 9803
1 18428
1 17487
1 13791
1 15564
1 23055
1 23113
1 1307
1 10069
1 5649
1 3003
1 2944
1 9783
1 1228
1 24130
1 15407
1 18319
1 15833
1 4987
1 22903
1 5066
1 6083
1 9881
1 24436
1 17768
1 3989
1 16567
1 24960
1 18687
1 15138
1 10149
1 20337
1 23768
1 5572
1 16234
1 567
1 22233
1 7784
1 20114
1 12352
1 12953
1 9558
1 9811
1 13579
1 9547
1 11438
1 1542
1 1592
1 16951
1 19865
1 1506
1 16008
1 4472
1 5295
1 12961
1 15094
1 20165
1 17924
1 22051
1 9329
1 24561
1 14733
1 20760
1 4002
1 16793
1 2538
1 13639
1 13858
1 10204
1 20883
1 20468
1 12475
1 6945
1 21204
1 7475
1 15547
1 17007
1 11685
1 20767
1 364
1 18571
1 13819
1 5922
1 20391
1 22505
1 15768
1 6151
1 3901
1 1255
1 3690
1 11936
1 6521
1 11021
1 19014
1 4987
1 12025
1 17284
1 20095
1 25873
1 550
1 7465
1 2914
1 19720
1 977
1 3935
1 22379
1 11004
1 6774
1 3438
1 24389
1 15732
1 11805
1 8199
1 17487
1 23242
1 5646
1 24116
1 11973
1 12110
1 13926
1 15556
1 15866
1 7351
1 23799
1 24791
1 17487
1 9222
1 9627
1 6282
1 16016
1 13829
1 25477
1 11920
1 8275
1 5977
1 19933
1 13926
1 15407
1 3201
1 24579
1 8687
1 19633
1 10800
1 6071
1 23422
1 23155
1 11093
1 24387
1 5788
1 22902
1 9431
1 20545
1 5977
1 13383
1 23261
1 16919
1 6226
1 23467
1 10345
1 15783
1 25945
1 1401
1 13388
1 17487
1 2135
1 2728
1 6738
1 16079
1 516
1 8581
1 14609
1 19330
1 14193
1 15504
1 9495
1 7447
1 23631
1 15615
1 20246
1 684
1 14751
1 1878
1 3875
1 23009
1 22699
1 17656
1 16053
1 17416
1 18291
1 2409
1 21588
1 2359
1 10117
1 10324
1 12078
1 10883
1 13604
1 13036
1 4691
1 19248
1 1423
1 687
1 19494
1 11173
1 24814
1 13599
1 10788
1 5665
1 2062
1 7530
1 20710
1 13702
1 20884
1 8707
1 18481
1 8217
1 15786
1 5545
1 10248
1 8531
1 6315
1 15788
1 19267
1 18427
1 6539
1 25292
1 8387
1 19016
1 18419
1 13016
1 6818
1 2628
1 11381
1 14099
1 9952
1 24401
1 19017
1 19588
1 14146
1 4754
1 25225
1 18532
1 8299
1 17071
1 5982
1 54
1 539
1 1235
1 8047
1 23174
1 16893
1 6096
1 17970
1 5613
1 2636
1 2753
1 23351
1 10361
1 1802
1 6408
1 25914
1 714
1 2252
1 17487
1 9599
1 4058
1 22539
1 5788
1 19784
1 2756
1 764
1 24091
1 5440
1 25873
1 5788
1 7568
1 11743
1 3704
1 18594
1 12991
1 18737
1 1275
1 25664
1 8820
1 8468
1 3892
1 9037
1 3187
1 9079
1 10245
1 13529
1 1598
1 13328
1 6780
1 12749
1 17887
1 23486
1 11357
1 14450
1 11345
1 13346
1 18442
1 13103
1 18463
1 14964
1 904
1 25550
1 24377
1 6528
1 4421
1 10410
1 15712
1 6744
1 1181
1 25841
1 19854
1 24266
1 828
1 1455
1 18500
1 20945
1 24083
1 7780
1 16979
1 10522
1 20915
1 18306
1 21278
1 19311
1 1731
1 23375
1 19880
1 7784
1 11867
1 22058
1 12790
1 355
1 24310
1 13899
1 7447
1 9526
1 6073
1 4581
1 23951
1 8420
1 12342
1 5983
1 4161
1 10296
1 23954
1 21384
1 2508
1 21196
1 11015
1 22889
1 2853
1 903
1 16583
1 25810
1 5705
1 20976
1 15615
1 10102
1 25643
1 2581
1 14669
1 4423
1 9913
1 18532
1 15542
1 2762
1 11727
1 22593
1 25906
1 2457
1 5213
1 19347
1 19784
1 17672
1 4019
1 12841
1 21938
1 3303
1 19512
1 3290
1 20427
1 997
1 18605
1 24211
1 9510
1 19067
1 6154
1 24888
1 23031
1 1805
1 7582
1 19953
1 20790
1 21420
1 21779
1 13904
1 10679
1 15949
1 13785
1 1506
1 4714
1 24448
1 23080
1 23828
1 9494
1 18240
1 7243
1 13975
1 5611
1 236
1 25952
1 3612
1 16649
1 193
1 23338
1 23531
1 9222
1 14541
1 11713
1 15369
1 16806
1 24142
1 15862
1 11071
1 154
1 16707
1 3016
1 13192
1 4909
1 10365
1 22802
1 2035
1 5603
1 8407
1 6112
1 11034
1 865
1 25667
1 10148
1 11147
1 24007
1 13033
1 2430
1 19600
1 9571
1 25210
1 2332
1 3844
1 13464
1 24626
1 16793
1 22524
1 19889
1 20660
1 14742
1 18544
1 12607
1 21337
1 11021
1 6161
1 24728
1 4036
1 24431
1 21508
1 19449
1 54
1 3131
1 14864
1 14760
1 13697
1 22290
1 25595
1 5368
1 382
1 24925
1 25873
1 9318
1 16826
1 17487
1 21202
1 5080
1 12619
1 2679
1 23477
1 7870
1 22458
1 17203
1 16692
1 25809
1 6734
1 5460
1 8495
1 13879
1 11973
1 10507
1 2528
1 23507
1 19190
1 15518
1 15132
1 17857
1 15234
1 5014
1 19586
1 7376
1 17693
1 11128
1 17612
1 23175
1 21472
1 16921
1 3336
1 11777
1 21673
1 12700
1 15210
1 15296
1 8792
1 23737
1 9963
1 13181
1 15284
1 6459
1 23055
1 17487
1 12806
1 24458
1 5440
1 19590
1 508
1 1991
1 3803
1 2468
1 4674
1 25544
1 18639
1 3864
1 9608
1 5945
1 7662
1 25643
1 16706
1 5701
1 21544
1 15560
1 17107
1 11512
1 8294
1 23113
1 849
1 10991
1 14572
1 13982
1 2743
1 23999
1 21862
1 6364
1 10069
1 18334
1 2207
1 19659
1 3383
1 21746
1 9222
1 11209
1 10193
1 960
1 20250
1 7462
1 1961
1 25899
1 5222
1 14904
1 5397
1 2021
1 18572
1 10748
1 8730
1 7180
1 14971
1 14095
1 3831
1 3301
1 2389
1 1450
1 4055
1 19111
1 22798
1 3882
1 1432
1 17487
1 5754
1 13130
1 11008
1 13267
1 13529
1 16137
1 5988
1 20951
1 12634
1 24033
1 19105
1 11000
1 4324
1 400
1 2379
1 1823
1 9903
1 2034
1 21780
1 12810
1 7382
1 19638
1 23343
1 18946
1 6105
1 16693
1 23947
1 25440
1 24098
1 8407
1 6921
1 6649
1 10669
1 23524
1 17070
1 1823
1 14476
1 17814
1 22040
1 9222
1 6291
1 245
1 8406
1 19896
1 15668
1 9696
1 3559
1 17971
1 2457
1 712
1 19774
1 20829
1 20653
1 1354
1 14740
1 4765
1 18339
1 25443
1 21468
1 25199
1 7874
1 3072
1 18524
1 13443
1 19819
1 14454
1 19470
1 11330
1 6766
1 22129
1 20694
1 1209
1 4797
1 23055
1 17808
1 21095
1 19735
1 11236
1 4506
1 7364
1 23055
1 1203
1 23356
1 22908
1 17150
1 19388
1 22379
1 17864
1 20134
1 10464
1 8482
1 193
1 14269
1 4951
1 10099
1 3704
1 16833
1 20490
1 23058
1 8449
1 9970
1 13578
1 6181
1 24605
1 12353
1 13505
1 13008
1 23215
1 4971
1 5523
1 25332
1 3487
1 5611
1 6251
1 21827
1 20762
1 16494
1 15900
1 5391
1 21711
1 6201
1 16026
1 14960
1 16375
1 9285
1 12054
1 2219
1 8331
1 21883
1 23452
1 17912
1 17146
1 9188
1 2079
1 3084
1 3897
1 24471
1 18054
1 4899
1 17672
1 13879
1 25223
1 14397
1 15635
1 25381
1 17487
1 13961
1 15493
1 13439
1 1888
1 13020
1 6534
1 3865
1 4660
1 4070
1 11132
1 2527
1 12730
1 15993
1 9747
1 17461
1 3310
1 5310
1 5542
1 6226
1 21513
1 22889
1 17136
1 6144
1 3118
1 20330
1 19679
1 2808
1 9120
1 11773
1 10756
1 4556
1 1483
1 1846
1 19774
1 9830
1 8975
1 5181
1 24888
1 16826
1 21792
1 9222
1 4188
1 23574
1 18592
1 9222
1 16745
1 20573
1 6914
1 10950
1 11953
1 535
1 15285
1 13599
1 15693
1 2813
1 1212
1 10117
1 9485
1 6127
1 10800
1 17487
1 18721
1 21681
1 10461
1 15522
1 8464
1 11534
1 18188
1 15388
1 25481
1 20151
1 22923
1 15186
1 715
1 20689
1 8535
1 16632
1 16506
1 11998
1 18735
1 6437
1 19214
1 3296
1 19943
1 19754
1 25934
1 22210
1 11840
1 9965
1 22453
1 19926
1 14939
1 3381
1 5860
1 1752
1 7778
1 17078
1 14451
1 25921
1 8257
1 3117
1 22516
1 4360
1 11477
1 21485
1 12279
1 11312
1 20859
1 3140
1 22119
1 2478
1 9663
1 10937
1 9160
1 18174
1 16351
1 12189
1 21982
1 5325
1 11998
1 1054
1 10989
1 6270
1 18598
1 5992
1 3712
1 20337
1 9571
1 7379
1 3016
1 23888
1 2617
1 25297
1 16782
1 1514
1 201
1 317
1 23178
1 25199
1 19574
1 24090
1 11718
1 10809
1 6821
1 6181
1 25348
1 20089
1 15431
1 5293
1 22516
1 3892
1 11034
1 20948
1 26
1 24197
1 17801
1 2513
1 10436
1 4574
1 287
1 1766
1 18054
1 15016
1 8984
1 21711
1 25031
1 21521
1 24764
1 19370
1 12188
1 118
1 25664
1 18432
1 20880
1 20961
1 4708
1 4409
1 16136
1 16912
1 6843
1 6746
1 8929
1 11338
1 19038
1 20460
1 6619
1 19996
1 18381
1 14065
1 19014
1 6477
1 19590
1 6503
1 4754
1 4281
1 2118
1 21564
1 20122
1 16114
1 16393
1 23120
1 18770
1 12429
1 8587
1 10990
1 17581
1 15693
1 5326
1 11932
1 675
1 20727
1 9648
1 16717
1 6271
1 24431
1 16990
1 3834
1 11503
1 3920
1 24431
1 7066
1 8544
1 17807
1 17102
1 9864
1 20272
1 4101
1 21076
1 9358
1 10209
1 25418
1 12164
1 6567
1 20205
1 16253
1 3164
1 24554
1 10346
1 24764
1 20941
1 20437
1 6205
1 21814
1 6483
1 14970
1 18192
1 22870
1 18500
1 9222
1 23498
1 23952
1 14908
1 16505
1 145
1 18323
1 15818
1 13957
1 7024
1 19213
1 9101
1 23115
1 19011
1 24291
1 558
1 17674
1 20948
1 16007
1 5079
1 22104
1 25015
1 1506
1 5778
1 22003
1 21086
1 20357
1 8820
1 556
1 10726
1 4376
1 22632
1 23828
1 5190
1 25793
1 11989
1 17710
1 16584
1 15186
1 14788
1 3716
1 14293
1 22516
1 10305
1 16719
1 4297
1 10021
1 18236
1 23419
1 12316
1 2129
1 6843
1 11314
1 17434
1 19574
1 8262
1 6629
1 15865
1 346
1 21485
1 888
1 1886
1 24880
1 20465
1 18481
1 16846
1 13196
1 16879
1 10890
1 16408
1 24579
1 21077
1 6663
1 6706
1 21593
1 2547
1 5105
1 5240
1 19638
1 9156
1 2607
1 13277
1 4519
1 22527
1 10824
1 12490
1 23130
1 25146
1 21100
1 21164
1 18246
1 11757
1 24938
1 15716
1 5603
1 10276
1 20213
1 11438
1 20468
1 3447
1 16694
1 14364
1 14331
1 8595
1 17466
1 10293
1 23113
1 17229
1 9571
1 14941
1 13171
1 17858
1 8471
1 24617
1 22027
1 17070
1 7427
1 7365
1 2877
1 16021
1 25521
1 14767
1 23485
1 11779
1 20794
1 25550
1 25693
1 13619
1 20678
1 22889
1 15950
1 20468
1 10950
1 18869
1 12685
1 3131
1 10129
1 24590
1 1332
1 21027
1 17179
1 633
1 6038
1 2738
1 25160
1 4756
1 14193
1 25057
1 831
1 4952
1 5558
1 4084
1 10442
1 9881
1 16254
1 3347
1 16005
1 8971
1 3533
1 22114
1 14498
1 11728
1 10096
1 23383
1 4991
1 10675
1 13278
1 7695
1 1906
1 13599
1 13627
1 16013
1 25940
1 7333
1 20941
1 12609
1 14744
1 19879
1 194
1 21895
1 3119
1 4101
1 25740
1 21170
1 8578
1 18639
1 3996
1 19694
1 3268
1 24245
1 715
1 19531
1 12025
1 19229
1 473
1 7066
1 8419
1 6645
1 546
1 5788
1 20357
1 1274
1 15894
1 13529
1 24622
1 865
1 19928
1 11804
1 18842
1 8841
1 22619
1 15515
1 18133
1 19386
1 7120
1 6641
1 1634
1 1851
1 17487
1 18046
1 7112
1 24613
1 9344
1 2689
1 25825
1 20859
1 9850
1 9370
1 35
1 20554
1 15505
1 18625
1 15186
1 21631
1 8182
1 4307
1 2640
1 24142
1 21271
1 18720
1 13968
1 4416
1 18187
1 15538
1 13599
1 6586
1 17487
1 23925
1 271
1 10324
1 5166
1 8939
1 23617
1 14065
1 14005
1 9663
1 11434
1 5245
1 153
1 16647
1 3989
1 10129
1 18976
1 22885
1 23055
1 22024
1 17710
1 932
1 19804
1 24345
1 15479
1 9002
1 5880
1 22036
1 24427
1 1533
1 11757
1 16512
1 12026
1 24142
1 15925
1 4011
1 12172
1 1012
1 13895
1 12978
1 22715
1 15186
1 9251
1 17472
1 4455
1 10568
1 4555
1 779
1 18096
1 13697
1 18633
1 11628
1 6914
1 7902
1 13257
1 6586
1 22721
1 9637
1 9570
1 22516
1 15651
1 16914
1 25899
1 22559
1 6175
1 21618
1 3016
1 9222
1 14336
1 10335
1 24684
1 16941
1 10502
1 19865
1 10204
1 10471
1 24784
1 16402
1 4016
1 1367
1 17219
1 2326
1 19360
1 6013
1 24966
1 6048
1 25225
1 9803
1 14864
1 17875
1 20450
1 18139
1 4214
1 11972
1 2389
1 15787
1 10948
1 19595
1 25900
1 14678
1 1220
1 6147
1 6970
1 3803
1 4423
1 24477
1 6914
1 22889
1 4304
1 21392
1 24427
1 22923
1 19618
1 2242
1 1005
1 18082
1 21815
1 4429
1 851
1 11692
1 6914
1 10198
1 22889
1 19246
1 7085
1 20282
1 18518
1 12219
1 25673
1 1691
1 23536
1 22038
1 4524
1 18675
1 25336
1 19360
1 9778
1 6289
1 21863
1 3584
1 1586
1 14792
1 13599
1 24377
1 22159
1 7701
1 5472
1 19484
1 11879
1 16021
1 22685
1 650
1 21673
1 22549
1 5141
1 10284
1 17505
1 6379
1 1826
1 1230
1 3113
1 3131
1 3740
1 24116
1 3533
1 16421
1 10117
1 20968
1 663
1 14557
1 2471
1 11022
1 16319
1 11252
1 18981
1 3496
1 8268
1 1607
1 8331
1 8237
1 2129
1 12132
1 4357
1 3227
1 5960
1 15857
1 1348
1 18009
1 24263
1 5165
1 11624
1 17421
1 17561
1 24133
1 3866
1 1423
1 8663
1 15069
1 10173
1 21807
1 844
1 13092
1 16926
1 8449
1 11660
1 8400
1 20789
1 13998
1 23594
1 24553
1 16694
1 17125
1 15608
1 1953
1 22066
1 16071
1 13303
1 18494
1 533
1 16675
1 6305
1 9661
1 24013
1 4848
1 20569
1 8871
1 10828
1 15732
1 14381
1 25922
1 2671
1 7447
1 16719
1 12384
1 21614
1 19169
1 12724
1 25664
1 19949
1 24455
1 9043
1 1958
1 7732
1 3892
1 11314
1 24561
1 2052
1 13916
1 8959
1 24427
1 10883
1 10153
1 4854
1 138
1 13047
1 2679
1 15862
1 20093
1 12941
1 11304
1 25261
1 2965
1 1782
1 21390
1 16729
1 5338
1 23055
1 581
1 4051
1 17514
1 21076
1 15414
1 3473
1 12360
1 19449
1 15284
1 9856
1 3438
1 86
1 23983
1 11373
1 18445
1 10986
1 16700
1 5803
1 16141
1 3566
1 23787
1 11826
1 19715
1 9571
1 18141
1 22466
1 15228
1 17003
1 17487
1 6949
1 1267
1 17699
1 857
1 19494
1 19959
1 12893
1 17106
1 20544
1 22889
1 12090
1 14051
1 7556
1 21617
1 24900
1 9222
1 3958
1 19573
1 21202
1 17278
1 2944
1 10252
1 18311
1 25873
1 15716
1 23044
1 17136
1 23176
1 16349
1 14912
1 16057
1 10541
1 18763
1 15130
1 10214
1 18532
1 16976
1 6226
1 1547
1 2059
1 11540
1 7728
1 904
1 14402
1 4367
1 21258
1 5788
1 3635
1 20865
1 17759
1 22802
1 8311
1 18304
1 14892
1 8578
1 865
1 23526
1 16008
1 671
1 10093
1 14066
1 5527
1 24622
1 6470
1 18571
1 19638
1 21564
1 12150
1 22889
1 9664
1 23506
1 15170
1 786
1 17487
1 4246
1 1704
1 15275
1 3960
1 4538
1 13815
1 18005
1 20452
1 17704
1 5404
1 10107
1 9445
1 9753
1 12474
1 1568
1 14631
1 23883
1 2003
1 14227
1 9601
1 9222
1 4324
1 6205
1 18967
1 9378
1 2248
1 7874
1 24396
1 8628
1 14472
1 14946
1 10150
1 23191
1 14108
1 18116
1 9741
1 24137
1 14793
1 10055
1 856
1 24344
1 11149
1 849
1 1919
1 6999
1 15791
1 7243
1 24839
1 3892
1 1007
1 6245
1 6641
1 21170
1 7939
1 8301
1 9753
1 10692
1 3136
1 6745
1 25374
1 12219
1 4656
1 3959
1 13505
1 15882
1 19683
1 10990
1 13977
1 11718
1 9571
1 1528
1 16914
1 12279
1 25517
1 17283
1 4504
1 10414
1 8900
1 15343
1 7745
1 9843
1 22119
1 7253
1 4920
1 18969
1 13635
1 11281
1 2936
1 20750
1 22918
1 4575
1 13017
1 1506
1 17857
1 1148
1 15502
1 5516
1 3358
1 2275
1 15666
1 715
1 18682
1 9757
1 3386
1 19155
1 3207
1 12495
1 24553
1 350
1 14760
1 426
1 6226
1 25873
1 6208
1 16282
1 18663
1 18420
1 527
1 9248
1 10734
1 17790
1 6038
1 10079
1 10107
1 16456
1 4844
1 15560
1 17332
1 4910
1 4192
1 11168
1 22040
1 6574
1 13599
1 21986
1 23610
1 6442
1 10819
1 7597
1 18374
1 24396
1 22627
1 7416
1 7268
1 21823
1 11263
1 13619
1 16466
1 10647
1 5725
1 16300
1 1888
1 8171
1 101
1 2087
1 3791
1 21755
1 16021
1 9014
1 11738
1 14326
1 25708
1 8084
1 4878
1 2610
1 6744
1 2291
1 8413
1 19387
1 19531
1 20961
1 193
1 13824
1 17194
1 6320
1 5089
1 13135
1 1826
1 6928
1 9318
1 17968
1 9725
1 9132
1 1888
1 16729
1 24561
1 8918
1 25103
1 3190
1 19483
1 13578
1 23886
1 22293
1 19057
1 8047
1 20694
1 19345
1 22604
1 18149
1 12550
1 24052
1 12790
1 818
1 15618
1 4357
1 21232
1 1961
1 19658
1 23245
1 10942
1 8688
1 11129
1 9029
1 15716
1 18616
1 16481
1 20681
1 14417
1 16351
1 23665
1 19353
1 10757
1 23902
1 17510
1 8361
1 17850
1 21331
1 1608
1 18121
1 629
1 5064
1 7447
1 20982
1 16075
1 23300
1 1065
1 22731
1 11934
1 11319
1 2155
1 16567
1 4180
1 10254
1 9596
1 14369
1 10513
1 9722
1 1040
1 8407
1 12025
1 4310
1 4469
1 22572
1 14289
1 8084
1 2697
1 12550
1 8331
1 16191
1 19304
1 7849
1 24760
1 9222
1 24116
1 13841
1 14099
1 4131
1 15405
1 23559
1 19011
1 2802
1 6300
1 1121
1 6931
1 3665
1 20494
