2.164740088622647551e-01
2.189228094966480243e-01
2.215709450658464863e-01
2.237296819420374894e-01
2.262524116807662633e-01
2.293088538390319342e-01
2.313663030658776598e-01
2.343805310972257305e-01
2.366563603858524711e-01
2.388865864649353798e-01
2.407875405927909218e-01
2.430301622559773167e-01
2.452251547192398073e-01
2.478955349435401356e-01
2.501488590230872555e-01
2.522868092181080879e-01
2.546672684533085596e-01
2.570834718138360064e-01
2.597921492553517120e-01
2.624966226528300806e-01
2.643986336118773761e-01
2.668956139680592199e-01
2.692660385172874205e-01
2.715098653286256436e-01
2.737226590836341900e-01
2.755466675057947068e-01
2.776629118834039178e-01
2.792911034380468061e-01
2.815339574485595797e-01
2.832012490634275848e-01
2.847219970075856588e-01
2.868957900317620768e-01
2.887269120403465616e-01
2.906345741918338610e-01
2.927397727950830641e-01
2.947380793686032452e-01
2.966968160649944286e-01
2.989187695078148188e-01
3.007081862094918567e-01
3.024565871828232000e-01
3.037001888434168739e-01
3.057640843134648012e-01
3.073562082036531140e-01
3.087410960373557778e-01
3.102880946293209430e-01
3.123216795416287606e-01
3.139379748070125209e-01
3.153941152253351698e-01
3.170818406318281490e-01
3.186734637074382648e-01
3.203011748182440499e-01
3.217065749570155453e-01
3.231053833167022993e-01
3.245044496322318506e-01
3.260473710543332349e-01
3.280308746377972318e-01
3.293842615990725808e-01
3.309787629743185522e-01
3.328490731498203736e-01
3.340990767049359378e-01
3.358843235785187176e-01
3.374369740763448755e-01
3.386599328792602726e-01
3.402349882406044967e-01
3.414967965447330278e-01
3.431551352672216337e-01
3.446920073528933481e-01
3.458378321929108656e-01
3.473276442688789656e-01
3.488795714828014649e-01
3.500886416051097183e-01
3.518432803913461582e-01
3.533082999778809907e-01
3.548990125565971154e-01
3.561034681218718800e-01
3.574471115185521852e-01
3.590665565984674790e-01
3.602968215135912144e-01
3.613614835432737427e-01
3.624413533215746774e-01
3.636642648462306004e-01
3.651639350175627241e-01
3.668564695052333180e-01
3.680079986863122321e-01
3.692435492709291167e-01
3.700980270710421682e-01
3.712968065085405778e-01
3.722925186466785052e-01
3.731859563382706746e-01
3.743135813654977495e-01
3.754898099908562936e-01
3.764434601154413862e-01
3.775695398494279820e-01
3.786466205964209575e-01
3.797039309430182974e-01
3.806939362645619940e-01
3.816782060039094482e-01
3.830270162390781441e-01
3.840934002690907789e-01
3.854738366134295990e-01
3.867826232272693621e-01
3.878439976305718684e-01
3.892134297439823198e-01
3.902973437528415301e-01
3.915722168035179473e-01
3.928896412222442347e-01
3.941050745028754076e-01
3.951956416280359985e-01
3.960492919870486905e-01
3.971460951715769516e-01
3.982741179322181191e-01
3.993327442772571789e-01
4.004385936961811776e-01
4.015115278071693106e-01
4.022840963590451624e-01
4.031214187070961130e-01
4.038109323016428887e-01
4.048857008065798735e-01
4.059477407172103480e-01
4.070043630645917010e-01
4.078753233415656210e-01
4.090344310106037717e-01
4.099177286035124435e-01
4.108146797498046232e-01
4.114519438701137455e-01
4.127509961762548807e-01
4.134778579203904902e-01
4.144347574970327353e-01
4.153181568634213283e-01
4.163435805163976378e-01
4.171894984458984212e-01
4.180142293716479496e-01
4.186116127101776052e-01
4.195544937475486624e-01
4.202741806134223101e-01
4.211781322962325214e-01
4.220983544391017639e-01
4.227781430343573454e-01
4.234374401814824385e-01
4.243872059359842797e-01
4.253566707697055693e-01
4.264899283442000200e-01
4.271575779937497042e-01
4.280516397094852321e-01
4.287251019663596008e-01
4.296993321362324592e-01
4.306253423102176514e-01
4.312353163583004800e-01
4.320607267272802976e-01
4.331232361626198846e-01
4.339744711831877710e-01
4.350166218390851269e-01
4.358405089056421877e-01
4.366299080869407989e-01
4.375261725052071449e-01
4.384967995618949677e-01
4.394710791699782959e-01
4.401694687826460672e-01
4.409323459953745084e-01
4.417465913257823673e-01
4.427815721159465423e-01
4.435989901868987451e-01
4.444521318728109072e-01
4.452794609536489534e-01
4.460804753783106924e-01
4.466543756770168239e-01
4.473697645207833085e-01
4.482574532501177877e-01
4.487419239602253862e-01
4.496136799669736561e-01
4.502005969528819485e-01
4.509563431797209421e-01
4.515796765054455042e-01
4.520850942126862226e-01
4.526174388780664914e-01
4.532676725019731956e-01
4.541874442349486674e-01
4.549659477789222417e-01
4.556129407441167900e-01
4.564382269764389322e-01
4.573247086524925287e-01
4.577269891108374789e-01
4.583553156098337800e-01
4.589162791164844712e-01
4.595691065311156565e-01
4.600414730826368759e-01
4.604308466343921546e-01
4.610410487703094917e-01
4.619812650152130273e-01
4.626442831538587486e-01
4.631089852711335886e-01
4.635922986441239901e-01
4.643689932033117640e-01
4.649849532162667054e-01
4.656842913166052145e-01
4.666526806489322832e-01
4.672424991247051129e-01
4.678111088015807772e-01
4.683842784300875084e-01
4.689690217600027133e-01
4.694789744150309474e-01
4.701030886939420728e-01
4.706722508837317132e-01
4.713634416244884551e-01
4.718329998479154352e-01
4.722984561262884018e-01
4.728732709900966280e-01
4.734579419249413945e-01
4.740313802667430187e-01
4.747135375829484860e-01
4.752337488446691793e-01
4.759989738433053619e-01
4.765598930206816908e-01
4.770906948690244453e-01
4.776755547996095475e-01
4.781882849399973767e-01
4.788463559785521295e-01
4.794537731521366641e-01
4.800565895368931191e-01
4.807740134336984661e-01
4.814083963391351251e-01
4.818654386360176067e-01
4.824821080381230254e-01
4.830856986037893597e-01
4.839596769893949602e-01
4.846038685553769598e-01
4.853011396325506710e-01
4.859531638395616637e-01
4.865652289826623567e-01
4.871751046672824770e-01
4.877497723691671117e-01
4.885335450879649266e-01
4.890227346149045307e-01
4.895030677540816444e-01
4.899915411056460224e-01
4.908435527070079130e-01
4.913185390260867980e-01
4.918427825435533474e-01
4.925478019517561812e-01
4.930799023651148416e-01
4.935256138546554316e-01
4.940652187126252648e-01
4.947931949248229322e-01
4.952894063547748638e-01
4.958082127491750257e-01
4.962339835532287302e-01
4.968627223854245600e-01
4.974314720487917341e-01
4.979911664327646426e-01
4.983764459153809945e-01
4.987226694931481963e-01
