2.179008699454879627e-01
2.208927022022966202e-01
2.233181226452803647e-01
2.259326482691441373e-01
2.284792690827358586e-01
2.304582545363373369e-01
2.332162733274978084e-01
2.349848933149830954e-01
2.370831872736530177e-01
2.392253474008048941e-01
2.413906916397377256e-01
2.439299241309683675e-01
2.463861559519746891e-01
2.490934920475506853e-01
2.514800741083820790e-01
2.538763081242998432e-01
2.566180207276548275e-01
2.591012363991891387e-01
2.608113612249242652e-01
2.631630108326504791e-01
2.653050004029873787e-01
2.674893914844043152e-01
2.693860822060753502e-01
2.715491737030566455e-01
2.734662733127442569e-01
2.757819295462524689e-01
2.781497043682569226e-01
2.801019308034150002e-01
2.815451200931800013e-01
2.835292504798496149e-01
2.852499088636081259e-01
2.872424767691063030e-01
2.890479712459572692e-01
2.910491510547863481e-01
2.927786812439288067e-01
2.947445969524400966e-01
2.967987411132831377e-01
2.984554022631561998e-01
3.003741789647323412e-01
3.022494373412383251e-01
3.041005769927238034e-01
3.059280443998096399e-01
3.073741920039629871e-01
3.088321836666028664e-01
3.100867807965195233e-01
3.118358355366980805e-01
3.133861031687959486e-01
3.152320739600966149e-01
3.170206522192481335e-01
3.188335185072486144e-01
3.204520305306419736e-01
3.222501722207775643e-01
3.237151159835786052e-01
3.255130104325527074e-01
3.271831302849152467e-01
3.289726924768872629e-01
3.305156921317108365e-01
3.324274086903491465e-01
3.342024645127829041e-01
3.356441154352916012e-01
3.372101721881222147e-01
3.384575801903768610e-01
3.398417016618291431e-01
3.414357296778087192e-01
3.428946232576586262e-01
3.441936293015942505e-01
3.457178017361228761e-01
3.470752924265785300e-01
3.486172297898486039e-01
3.499196634616508206e-01
3.519106507942978967e-01
3.530942376858025034e-01
3.543733326769486491e-01
3.556510625618362620e-01
3.570367243601056395e-01
3.584371074794595047e-01
3.595409391315653735e-01
3.606828818880491450e-01
3.622220287388533411e-01
3.634997861578123657e-01
3.650046885517199691e-01
3.665095265523328205e-01
3.674259914891106482e-01
3.686423959290896502e-01
3.697182308974928944e-01
3.707320812280563982e-01
3.719581767115676119e-01
3.733512810319853381e-01
3.748314333921353159e-01
3.760935528021693841e-01
3.771114419886328339e-01
3.785169383152166556e-01
3.797350052009098031e-01
3.807614472638196634e-01
3.819245511749140842e-01
3.830188320040099348e-01
3.839279358953479604e-01
3.848668971315693521e-01
3.863025584487016495e-01
3.873325899277935691e-01
3.883348444997297699e-01
3.891696629714570532e-01
3.902832316378523347e-01
3.912408901437394171e-01
3.924891211739149344e-01
3.934445882500712810e-01
3.943973698366599057e-01
3.953095193212950442e-01
3.962080505270053066e-01
3.973755284465874671e-01
3.987461182925151615e-01
3.995569039689675916e-01
4.005195011920484882e-01
4.013729673644941820e-01
4.024321204259478924e-01
4.032810559164476949e-01
4.041905824442217354e-01
4.050259163998483070e-01
4.059970896191306133e-01
4.069849657353534211e-01
4.078132513647599877e-01
4.088911053818209962e-01
4.097719122697084382e-01
4.106410378125162075e-01
4.115329046918233535e-01
4.125855204150616906e-01
4.133690489993960271e-01
4.142777320056432178e-01
4.150687248455955380e-01
4.162363376597398856e-01
4.172351117099628026e-01
4.179092234626939351e-01
4.188724237194795252e-01
4.197293118620222807e-01
4.208028823308106459e-01
4.219614999445336356e-01
4.228900072986431224e-01
4.239301611475337905e-01
4.246745049356978607e-01
4.254913596396826536e-01
4.264470459016432291e-01
4.275155625693497496e-01
4.282543805839262308e-01
4.292592188185407887e-01
4.303093747737990471e-01
4.310924013754903195e-01
4.317824334402643460e-01
4.323599314249775838e-01
4.332881417478012254e-01
4.339354312288189464e-01
4.348012769722583992e-01
4.352634939646222167e-01
4.358934193460381468e-01
4.367653425483811747e-01
4.372926338149275560e-01
4.379585560417820211e-01
4.389117267636212238e-01
4.395257654842892880e-01
4.402373781093091853e-01
4.407382305378248488e-01
4.414179112747688705e-01
4.420901166859432796e-01
4.429648906267661390e-01
4.436687757740084836e-01
4.443488353914971101e-01
4.452319335179146798e-01
4.457854349586092280e-01
4.465984097681387488e-01
4.475425531021613446e-01
4.484216064687200354e-01
4.494584006357653649e-01
4.502323598384283532e-01
4.507770885534030936e-01
4.516110840212246291e-01
4.522223941912583145e-01
4.529983713717087856e-01
4.538513091201085703e-01
4.545557077822872105e-01
4.551879155211879802e-01
4.558048850564273002e-01
4.566620285705538240e-01
4.573450577590077448e-01
4.580045510970252587e-01
4.585292847014452167e-01
4.591364507011229112e-01
4.597465624846305832e-01
4.602617642246068508e-01
4.610897772665240590e-01
4.618553767790651854e-01
4.623831378127992164e-01
4.628178134214280259e-01
4.634083397818357097e-01
4.638092326065699211e-01
4.647463678454656355e-01
4.654034132628110942e-01
4.663256925830940869e-01
4.673821080586654242e-01
4.680243398429414503e-01
4.688141029138756521e-01
4.693325307627072007e-01
4.699804921527057644e-01
4.706159381288018695e-01
4.712490923114905361e-01
4.719290805280736412e-01
4.724973762863683979e-01
4.730386139809282797e-01
4.734333336906533241e-01
4.739181035449726576e-01
4.744407769566288957e-01
4.751941429731302291e-01
4.758495418280607736e-01
4.764093072121365346e-01
4.771415267748214117e-01
4.779395432582335124e-01
4.784899808349784567e-01
4.792334744865551222e-01
4.797019415183897406e-01
4.801372551510285636e-01
4.811497930490340469e-01
4.816553995145089750e-01
4.821136074098683055e-01
4.831440430595149715e-01
4.835745783507120477e-01
4.844321723991412143e-01
4.850556070092714722e-01
4.856667755089962291e-01
4.862670714893824742e-01
4.867279976372635431e-01
4.872532348607056529e-01
4.879981654153731641e-01
4.884020095646930959e-01
4.890216064541130225e-01
4.894620382715904605e-01
4.899587688045000111e-01
4.905470707627185289e-01
4.911460551246396578e-01
4.916808565755216853e-01
4.922899338584633688e-01
4.927174668599516028e-01
4.932008740529155166e-01
4.937575063535781794e-01
4.941018435494120564e-01
4.946400710145809065e-01
4.951365229725247508e-01
4.957569669227679388e-01
4.963764746370061265e-01
4.968906390324809297e-01
4.975160111918271455e-01
4.979919013309589970e-01
4.984039803753872455e-01
4.990986715030288345e-01
