1.384851703266428390e-02
1.409351200382163993e-02
1.424691221612600645e-02
1.448296587227713809e-02
1.480057791444880019e-02
1.499574105580555282e-02
1.519310389671052995e-02
1.548597562968737767e-02
1.578294301107945052e-02
1.593206146856539912e-02
1.612179289345069821e-02
1.630957576322693975e-02
1.652632148782738966e-02
1.664695966953231090e-02
1.689346830031529523e-02
1.706144732084695359e-02
1.723081748077769093e-02
1.748119541634097357e-02
1.763711182823757967e-02
1.775909354229566334e-02
1.798332393324623274e-02
1.819192870166308137e-02
1.834460925400381928e-02
1.849846090330320436e-02
1.867776976446306608e-02
1.884988019177618462e-02
1.902045543813794468e-02
1.917513833720669789e-02
1.936660754538343382e-02
1.945615213038396837e-02
1.959329830945957807e-02
1.980465398452321141e-02
2.000051430377950551e-02
2.010485989531744788e-02
2.028880752764128728e-02
2.053347751081916264e-02
2.071217132302010516e-02
2.092099665611823686e-02
2.105351789897601592e-02
2.128206579863702735e-02
2.141280634691452092e-02
2.162230570465028742e-02
2.181194602892263731e-02
2.197950168795696421e-02
2.223195099747837800e-02
2.234559486403885770e-02
2.250877965044695631e-02
2.274923684626177847e-02
2.293476470474586568e-02
2.309205937059439009e-02
2.326794064585326755e-02
2.343683650458922713e-02
2.364844069714622243e-02
2.378469615392960618e-02
2.397986971808850620e-02
2.414078452306767097e-02
2.432082927167203076e-02
2.446562115194555326e-02
2.454838286755852556e-02
2.472748796218922004e-02
2.494817908455805588e-02
2.515534943415654451e-02
2.530624288947431327e-02
2.557203751972518882e-02
2.572334875677414687e-02
2.584735936323214953e-02
2.611620776215760678e-02
2.628889734705616363e-02
2.641517204178855244e-02
2.662574064869136642e-02
2.677144864729136264e-02
2.694762195492783619e-02
2.711694091256889802e-02
2.726922512547625202e-02
2.740400960645740860e-02
2.760187519417837618e-02
2.774979640397938138e-02
2.791827338984592330e-02
2.810045420012539236e-02
2.822206421882331173e-02
2.840593419530475228e-02
2.861749625160916327e-02
2.874910626763062249e-02
2.906371245489819399e-02
2.919259744647080893e-02
2.937642697457709673e-02
2.952440657547555219e-02
2.969170081284018201e-02
2.986277274681716984e-02
2.997550723524982155e-02
3.010618650719061248e-02
3.025409456019271387e-02
3.045934480901741487e-02
3.059896659434798230e-02
3.078532796007735911e-02
3.086678863481571305e-02
3.094907654182910139e-02
3.115525029705734292e-02
3.128748248635940254e-02
3.141881039947495846e-02
3.158180211654598724e-02
3.168533331510215573e-02
3.189950719560030040e-02
3.213890255647039451e-02
3.227305794035475323e-02
3.241438196505009445e-02
3.257116566044875039e-02
3.280911585517651968e-02
3.300990498325739875e-02
3.317716878795484714e-02
3.334465544516421187e-02
3.352573967162360974e-02
3.372630991933427136e-02
3.390585591453670194e-02
3.408089137792567891e-02
3.423631047231995989e-02
3.440976123261983016e-02
3.455012453542735673e-02
3.473163475727029242e-02
3.491311605427958181e-02
3.507819973301520150e-02
3.516592352251530357e-02
3.526356532753416317e-02
3.550275715084229289e-02
3.566307402958588529e-02
3.581314143229551855e-02
3.598186218394109487e-02
3.606722671336039937e-02
3.627376130392680892e-02
3.636267519149900818e-02
3.649541571429653491e-02
3.666917395769243859e-02
3.681841449275519845e-02
3.695778995091961172e-02
3.709493896891620512e-02
3.728913600976336423e-02
3.734035149232787371e-02
3.753172703152529710e-02
3.772394406197637773e-02
3.790684424105064676e-02
3.808354337905983655e-02
3.826503226231710991e-02
3.840233007255658415e-02
3.856987878927632674e-02
3.877120566128552243e-02
3.891273605632978444e-02
3.904731436178876525e-02
3.926833164538160587e-02
3.940364534855704537e-02
3.956824779253655111e-02
3.969754148454038289e-02
3.980323416749531606e-02
3.994946984883050722e-02
4.011594747246333137e-02
4.025898989187871868e-02
4.047177572197702133e-02
4.060869219150249620e-02
4.075180569609523906e-02
4.091736629109884310e-02
4.105015313203003169e-02
4.114535296528808866e-02
4.127763583283482196e-02
4.138253724454273030e-02
4.156723442809455438e-02
4.170178437791060427e-02
4.185436389038416777e-02
4.209185696697383128e-02
4.230945210831341813e-02
4.245821070114173812e-02
4.265878223557814652e-02
4.284636601239386750e-02
4.303107962873985864e-02
4.315876690095742790e-02
4.329703596512437386e-02
4.345071203454625719e-02
4.363494531818336991e-02
4.380434666394195098e-02
4.394036677941367403e-02
4.407104643616625156e-02
4.421311490680727985e-02
4.439719077306870931e-02
4.456104401588843744e-02
4.470725115881558909e-02
4.484776327767552029e-02
4.501596870151585578e-02
4.511210821067664078e-02
4.525714725797733845e-02
4.547828572106627637e-02
4.559975898040622561e-02
4.573270834336477103e-02
4.596133521543401684e-02
4.619545294327993823e-02
4.632211294888770314e-02
4.652841812918780129e-02
4.671224347993922776e-02
4.681789546695836607e-02
4.698152828309031664e-02
4.707987852368741150e-02
4.726710529641088565e-02
4.739883512153889034e-02
4.753780636619350103e-02
4.765828126077301108e-02
4.782628321617805878e-02
4.798169246051353642e-02
4.815332025530779519e-02
4.829552133135512487e-02
4.847998994907676967e-02
4.863972851449501617e-02
4.871565454657483807e-02
4.887968114369922734e-02
4.905653541003018869e-02
4.922715215211088263e-02
4.933331094504131431e-02
4.944600353237034451e-02
4.967229419878840119e-02
4.981413446659097716e-02
4.997358442554113156e-02
5.017890179006441465e-02
5.039908281768994136e-02
5.056348313568818920e-02
5.069217849797492265e-02
5.085452272611306473e-02
5.096903032135333828e-02
5.110987954413304807e-02
5.129519020312806044e-02
5.142986603726878297e-02
5.152055268270846339e-02
5.170609016446819917e-02
5.188710545307612804e-02
5.205948727347008836e-02
5.221827308550849867e-02
5.241325533473053383e-02
5.255032505584584374e-02
5.270150987837256967e-02
5.286158434451106863e-02
5.296275902327939739e-02
5.307920101452764244e-02
5.324094251925593629e-02
5.338771255517980180e-02
5.347756437066579494e-02
5.365045317249927948e-02
5.378372524214838912e-02
5.397276854024659482e-02
5.411266898884799226e-02
5.419554621647985904e-02
5.439282058603527037e-02
5.450137948074976202e-02
5.471265176654736134e-02
5.496885996961341919e-02
5.515455855828192006e-02
5.534786023416353451e-02
