1.380935520875653522e-01
1.395155474044136312e-01
1.411750904493604131e-01
1.425269116953898352e-01
1.439035773666332840e-01
1.454954394468554180e-01
1.470188736576219513e-01
1.486145671937013357e-01
1.501712582285447961e-01
1.517165058897888830e-01
1.529904695583068630e-01
1.542013432308998455e-01
1.554151736370735781e-01
1.566237149920423621e-01
1.580501740630195495e-01
1.592387412238697730e-01
1.603827897780021883e-01
1.616297709114322967e-01
1.629694107289067773e-01
1.642293733583582993e-01
1.654630419421377341e-01
1.669650849046255270e-01
1.684436412421568274e-01
1.699219434666746908e-01
1.713894405659949216e-01
1.722924949789130522e-01
1.736350470668335533e-01
1.749148845160854726e-01
1.761040934671816716e-01
1.774644412766018531e-01
1.785951793900741325e-01
1.798774254665291561e-01
1.810382256345750562e-01
1.824629315299770849e-01
1.836344799572744990e-01
1.846176205669600445e-01
1.857242299944885655e-01
1.868747705176134200e-01
1.878729298463699404e-01
1.888342451612438355e-01
1.900202031772817157e-01
1.912803713216201795e-01
1.925316895677338935e-01
1.936806410872933537e-01
1.947777743120877869e-01
1.958885651504095327e-01
1.969712489426205526e-01
1.980488214603902675e-01
1.991101274690749157e-01
2.000694014092463391e-01
2.011890819038595901e-01
2.023332236813309981e-01
2.032694283866007257e-01
2.041285812170299807e-01
2.050823353317775266e-01
2.060988652344622196e-01
2.068201195929521841e-01
2.080506640518752781e-01
2.088987732528304886e-01
2.098043120854630184e-01
2.106922428524317104e-01
2.116236244124703736e-01
2.124735098593446558e-01
2.133802557828306523e-01
2.141281854104122306e-01
2.148842354049506909e-01
2.156030985741857475e-01
2.163857314755094630e-01
2.173787285571123495e-01
2.180618937387083511e-01
2.189874750443002727e-01
2.198087191924694150e-01
2.204648139877352642e-01
2.211634659053280105e-01
2.216905570098275935e-01
2.228501992283898059e-01
2.234849870551888218e-01
2.243182258287873265e-01
2.251435011214823756e-01
2.260624376186955997e-01
2.266769440199920826e-01
2.273311186846669329e-01
2.280893410995482040e-01
2.287091639989375091e-01
2.294675550098166372e-01
2.302541385122863493e-01
2.309725371942819572e-01
2.316492483934286528e-01
2.324903343025444269e-01
2.332567739921165562e-01
2.337884487944953682e-01
2.343486859781199194e-01
2.349860138459703984e-01
2.357901127904293292e-01
2.364127395846065960e-01
2.371375393563506795e-01
2.379021443461219465e-01
2.384777989093606887e-01
2.392109435969265729e-01
2.398385697711267195e-01
2.404950900743881292e-01
2.411073142744632192e-01
2.418627122035091059e-01
2.425394292644774963e-01
2.432206202742067946e-01
2.438657829674677202e-01
2.444143942025205352e-01
2.450270901396518486e-01
2.457484772392095895e-01
2.465053838484022597e-01
2.471338298280988943e-01
2.475361332696244532e-01
2.481177791785942888e-01
2.487816034444271796e-01
2.495399830988797585e-01
2.500921134454782702e-01
2.507369027051029597e-01
2.512761332841668693e-01
2.519243430933283401e-01
2.524433407528851037e-01
2.528907963250175972e-01
2.535553504786836609e-01
2.543653487663207757e-01
2.549208633916257849e-01
2.554585432887880314e-01
2.558951777761873103e-01
2.565508590326924243e-01
2.570789701051282572e-01
2.576013284868061692e-01
2.580196516166880505e-01
2.585468962154230943e-01
2.590571036103668789e-01
2.595781660484395847e-01
2.601454609664876627e-01
2.606441803614341635e-01
2.613052579715607893e-01
2.617711159203262028e-01
2.623329643170115855e-01
2.628404776211359373e-01
2.632864047382389994e-01
2.637906403197485816e-01
2.641918228249124367e-01
2.646660436549549411e-01
2.652000055042407767e-01
2.658788991459059003e-01
2.663872850243159673e-01
2.668836127670769498e-01
2.674935715605731290e-01
2.679021915263414266e-01
2.684014518743261246e-01
2.688375281514583381e-01
2.693470867474080377e-01
2.699032084186477887e-01
2.703045759864681763e-01
2.707795375748154876e-01
2.713742407538577428e-01
2.718030220174570966e-01
2.722790924620782094e-01
2.728383908832212046e-01
2.733317987683144268e-01
2.737899497989252917e-01
2.742577717674623550e-01
2.747080354205730934e-01
2.751195271273442211e-01
2.755623048413962661e-01
2.758960716058874718e-01
2.763171308265964243e-01
2.768435383942280392e-01
2.773475953309287312e-01
2.777058604160094202e-01
2.780658816116264864e-01
2.784696520049406154e-01
2.789702875332090715e-01
2.794693910811359427e-01
2.799390967065099600e-01
2.803702029210445867e-01
2.806958914602222799e-01
2.810535139597319931e-01
2.815014997048757572e-01
2.818443648536488322e-01
2.823597223950884971e-01
2.828736046715230601e-01
2.832985893498336516e-01
2.837703587280487327e-01
2.841853902848648916e-01
2.846791379111973108e-01
2.850400967349930315e-01
2.854499371005119190e-01
2.858647427255750495e-01
2.862645012852384485e-01
2.865681539776766540e-01
2.869021577490588615e-01
2.872329793810552978e-01
2.875837082499354547e-01
2.879461476824790034e-01
2.883385523699584230e-01
2.886410810125800697e-01
2.890568783566761502e-01
2.895442417192659046e-01
2.899629726533887730e-01
2.904155861157229901e-01
2.909507937083025131e-01
2.913037379715097686e-01
2.916900137630649148e-01
2.921366239758660388e-01
2.926165078705907363e-01
2.930438312949619206e-01
2.934480069968853910e-01
2.937571164889287156e-01
2.941414666678092704e-01
2.945876290068579206e-01
2.949321844809424942e-01
2.953744150889650033e-01
2.958240631565189904e-01
2.961625902700735224e-01
2.964907768400771304e-01
2.968094606305085037e-01
2.972617539425996824e-01
2.976301201676055386e-01
2.981061524525095985e-01
2.982647635192446356e-01
2.986593394066627827e-01
2.988861811462512619e-01
2.993751677685149160e-01
2.997319095170367653e-01
3.001031001659655306e-01
3.005716132350192971e-01
3.009232327477894264e-01
3.012226410120885656e-01
3.015475951838157975e-01
3.018102997635325191e-01
3.022080187304469479e-01
3.025205289978781797e-01
3.028810762019049085e-01
3.033390213958457871e-01
3.036902750037730470e-01
3.039180337696217871e-01
3.043170618946056116e-01
3.046682931837095820e-01
3.049085813259653777e-01
3.052750205157069852e-01
3.055557478260902404e-01
3.058987833261047062e-01
3.061439038406488788e-01
3.064882815985572884e-01
3.067720893759278700e-01
3.071583584915339449e-01
3.075338388564743397e-01
3.079114393383402537e-01
3.081914580696865080e-01
3.084744450603182364e-01
